design.optF
        V1 V2 counter counter2
X        0  0       1    0.002
X.1      0 30       1    0.002
X.2      0 60       1    0.002
X.3     15  0       1    0.002
X.4     15 30       1    0.002
X.5     15 60       1    0.002
X.6     30  0       7    0.014
X.7     30 30      13    0.026
X.8     30 60       1    0.002
xnew     8  8       1    0.002
xnew.1   3  0      45    0.090
xnew.2   6  8       2    0.004
xnew.3  30 18       1    0.002
xnew.4   6  9       1    0.002
xnew.5   7  9     167    0.334
xnew.6  30 22       1    0.002
xnew.7  30 21       1    0.002
xnew.8  30 27       1    0.002
xnew.9  30 29       4    0.008
xnew.10 30 32       8    0.016
xnew.11  7  8      61    0.122
xnew.12 30 33       8    0.016
xnew.13 30 31       8    0.016
xnew.14 30 28       4    0.008
xnew.15 30 34      60    0.120
xnew.16 30  1      11    0.022
xnew.17 30 35      54    0.108
xnew.18  2  0      19    0.038
xnew.19 30  2       3    0.006
xnew.20 30 36      22    0.044
#####################################################


max.sen.crit.ds
  [1] 1.201139999 2.467893844 0.438946169 0.318947345 0.243472587 0.152468182 0.158604441 0.153252818 0.125694878 0.106290954 0.100074411
 [12] 0.079003076 0.081731845 0.069712996 0.071103318 0.066311380 0.062162220 0.053759427 0.054859543 0.047360412 0.048299144 0.047471965
 [23] 0.044396494 0.044154993 0.040662193 0.039987864 0.038079914 0.038285216 0.034472816 0.034632668 0.034343547 0.032846850 0.031822281
 [34] 0.030754722 0.028628070 0.028866602 0.026520862 0.027062212 0.027233860 0.025627755 0.024869919 0.024299675 0.022889448 0.023081493
 [45] 0.022443722 0.021949271 0.021820251 0.020949621 0.021208807 0.020386102 0.020475970 0.019260321 0.019231741 0.019476021 0.018805692
 [56] 0.018335838 0.018101837 0.017149398 0.017395009 0.016550010 0.016726234 0.016792358 0.016162327 0.015837336 0.015619066 0.014985979
 [67] 0.015099715 0.014509664 0.014634593 0.014579994 0.014187889 0.014404796 0.013938268 0.013955173 0.013368967 0.013402762 0.013233860
 [78] 0.013120909 0.013072697 0.012774602 0.012486998 0.012431441 0.011968169 0.012070623 0.011918302 0.011763194 0.011780417 0.011479004
 [89] 0.011312170 0.011197178 0.010935187 0.010939100 0.010688220 0.010675252 0.010733727 0.010703781 0.010527758 0.010415047 0.010299668
[100] 0.010043256 0.010071794 0.009853847 0.009843765 0.009925592 0.009640480 0.009619388 0.009443431 0.009313514 0.009256157 0.009055208
[111] 0.009086641 0.009129364 0.008911075 0.008857790 0.008738772 0.008598379 0.008573217 0.008473570 0.008431576 0.008487700 0.008281305
[122] 0.008350753 0.008279853 0.008164797 0.008066694 0.008022984 0.008022745 0.007916771 0.007942955 0.007753567 0.007778253 0.007626845
[133] 0.007565793 0.007499978 0.007536065 0.007445653 0.007422829 0.007255534 0.007298719 0.007133718 0.007126061 0.007091743 0.007069713
[144] 0.006997200 0.006960026 0.006845538 0.006854241 0.006902968 0.006742969 0.006759070 0.006706632 0.006698618 0.006630521 0.006601639
[155] 0.006500902 0.006508287 0.006378741 0.006392092 0.006387362 0.006328350 0.006306303 0.006244295 0.006174822 0.006158340 0.006044171
[166] 0.006073405 0.006080027 0.005994572 0.005994053 0.005918058 0.005927218 0.005910795 0.005862485 0.005790198 0.005787284 0.005783629
[177] 0.005727309 0.005735186 0.005632314 0.005643108 0.005561450 0.005530576 0.005503204 0.005526015 0.005437379 0.005458297 0.005364967
[188] 0.005365681 0.005301916 0.005305599 0.005286270 0.005264061 0.005188148 0.005203721 0.005121122 0.005133809 0.005155550 0.005064360
[199] 0.005082046 0.005109666 0.005029987 0.005025035 0.004975599 0.004942125 0.004922095 0.004868451 0.004869161 0.004865617 0.004828577
[210] 0.004833194 0.004759423 0.004773757 0.004710387 0.004700469 0.004665544 0.004675600 0.004665984 0.004642786 0.004652498 0.004585946
[221] 0.004592824 0.004539714 0.004528067 0.004495717 0.004484604 0.004491698 0.004466686 0.004418504 0.004421233 0.004357361 0.004358127
[232] 0.004350238 0.004328864 0.004325792 0.004288557 0.004267656 0.004248858 0.004211351 0.004210289 0.004215122 0.004175685 0.004176810
[243] 0.004180703 0.004144672 0.004138428 0.004107130 0.004074468 0.004068832 0.004046660 0.004035138 0.004047362 0.003995507 0.003993619
[254] 0.003959630 0.003942726 0.003925155 0.003907977 0.003906660 0.003907787 0.003864917 0.003874777 0.003827641 0.003834971 0.003841564
[265] 0.003808661 0.003789841 0.003780664 0.003786201 0.003761902 0.003754246 0.003716574 0.003723705 0.003680547 0.003690286 0.003651702
[276] 0.003643824 0.003654557 0.003632587 0.003618675 0.003603535 0.003574982 0.003574735 0.003534318 0.003542323 0.003541244 0.003518773
[287] 0.003511218 0.003491428 0.003493992 0.003480368 0.003470801 0.003440617 0.003444197 0.003447817 0.003417470 0.003422431 0.003391920
[298] 0.003379680 0.003365703 0.003340355 0.003348737 0.003348027 0.003324677 0.003323823 0.003288475 0.003298420 0.003264768 0.003259478
[309] 0.003243322 0.003252986 0.003229633 0.003239645 0.003229299 0.003210197 0.003206232 0.003177916 0.003183779 0.003162640 0.003164468
[320] 0.003167155 0.003134972 0.003142514 0.003112865 0.003108602 0.003090798 0.003076163 0.003083324 0.003079676 0.003049045 0.003057102
[331] 0.003027480 0.003025582 0.003024442 0.003010847 0.003011975 0.003010936 0.003000494 0.002983049 0.002980814 0.002953907 0.002960972
[342] 0.002932778 0.002944733 0.002940803 0.002920456 0.002913814 0.002901890 0.002886682 0.002883122 0.002857452 0.002865211 0.002873678
[353] 0.002846909 0.002845861 0.002827437 0.002827791 0.002830287 0.002809360 0.002805981 0.002810669 0.002798890 0.002783483 0.002781367
[364] 0.002756979 0.002763916 0.002741022 0.002745266 0.002751801 0.002728878 0.002726069 0.002711187 0.002701817 0.002694601 0.002686464
[375] 0.002689811 0.002685504 0.002664818 0.002668271 0.002643733 0.002646008 0.002647421 0.002646577 0.002634966 0.002639699 0.002618309
[386] 0.002617906 0.002602350 0.002593275 0.002596728 0.002593277 0.002579753 0.002577508 0.002560332 0.002562705 0.002542971 0.002548806
[397] 0.002552693 0.002531378 0.002537354 0.002516905 0.002515615 0.002501364 0.002502405 0.002499266 0.002494274 0.002480038 0.002484078
[408] 0.002481691 0.002462760 0.002466374 0.002449387 0.002454160 0.002456526 0.002439974 0.002437360 0.002426096 0.002415679 0.002413193
[419] 0.002417673 0.002404372 0.002403708 0.002386104 0.002390069 0.002372277 0.002377889 0.002375203 0.002364435 0.002355963 0.002350767
[430] 0.002339710 0.002338186 0.002341832 0.002326571 0.002329098 0.002313086 0.002312829 0.002318811 0.002299539 0.002302209 0.002304695
[441] 0.002293840 0.002286847 0.002281392 0.002272687 0.002269883 0.002258698 0.002263343 0.002263445 0.002248327 0.002251514 0.002234573
[452] 0.002235628 0.002224244 0.002228682 0.002222366 0.002216795 0.002205793 0.002210987 0.002204333 0.002196613 0.002193008 0.002200075
[463] 0.002184436 0.002186295 0.002170284 0.002174148 0.002159229 0.002164681 0.002162571 0.002153164 0.002148427 0.002142200 0.002133466
[474] 0.002131247 0.002129710 0.002124741 0.002125749 0.002110596 0.002114356 0.002111436 0.002101280 0.002104471 0.002091945 0.002095950
[485] 0.002095658 0.002085775 0.002083735 0.002075930 0.002069223 0.002065737 0.002067821 0.002059122 0.002058782 0.002045471 0.002048543
[496] 0.002034662 0.002037297 0.002035322 0.002029972 0.002028346

sum.crit.ds
  [1]   15.01572   12.55815   16.01909   15.56144   19.43277   29.24612   32.67941   34.65654   38.17625   37.17696   50.69797   66.90474   67.50951
 [14]   80.40993   77.81184   82.68177   87.60945   88.91352  101.87918  108.75877  121.59626  124.00812  148.27938  166.90151  167.59634  162.64276
 [27]  164.34898  173.26991  182.10466  182.09991  174.18329  195.39245  200.55815  205.78813  209.04048  221.71787  217.14917  224.18426  237.25182
 [40]  240.17466  245.59630  251.46010  256.14335  265.51676  261.28132  265.09691  266.15171  262.48240  269.60578  263.20269  258.65972  255.36696
 [53]  262.73504  272.23378  283.76634  292.11795  295.34997  297.18655  297.84565  316.69871  343.67405  353.44107  358.20516  361.49060  374.77173
 [66]  375.78945  378.53129  388.95899  389.25399  393.67978  397.16332  399.63851  398.01497  410.34614  405.09917  411.77071  426.00382  455.76351
 [79]  469.29083  477.14667  480.09743  486.12966  488.74173  492.65240  494.34568  522.53454  535.24274  545.89588  548.07942  564.86439  583.01993
 [92]  592.53565  596.02325  607.47881  607.09267  614.54397  618.22793  631.15355  641.51270  642.97903  650.30219  660.51969  685.53446  691.77072
[105]  713.15252  722.03160  719.17260  732.29027  743.02181  746.74671  729.74731  735.47294  754.94803  756.72077  767.18014  773.05743  787.99556
[118]  804.55510  791.34674  803.26935  815.37465  807.96632  831.83648  847.78128  858.69577  878.44113  883.51322  889.89598  890.78024  902.34891
[131]  917.70345  916.23734  919.39484  943.59259  944.18798  962.58375  977.56476  970.97063  976.90944  977.42926  988.65701  990.44065  999.73057
[144] 1003.34173 1019.63083 1027.44631 1029.99686 1035.16340 1050.93303 1067.74882 1086.24213 1066.84504 1074.12287 1092.35866 1105.95572 1100.76413
[157] 1109.80546 1115.69071 1125.92655 1131.31049 1151.68194 1164.07324 1166.53440 1178.69400 1176.82462 1188.12399 1193.06075 1196.89140 1212.81877
[170] 1235.10516 1247.24984 1243.73456 1240.93601 1247.17892 1252.37159 1252.17793 1295.81127 1318.68811 1316.06594 1314.68516 1310.68646 1314.20498
[183] 1313.13886 1303.14785 1303.38848 1317.77932 1317.45464 1326.29856 1322.19830 1318.58752 1329.50381 1318.59500 1328.15504 1346.23284 1364.14591
[196] 1370.22982 1393.21638 1417.95597 1423.55586 1415.02346 1432.37051 1449.10100 1445.11574 1459.97076 1476.06111 1490.23956 1500.46796 1507.98248
[209] 1546.73973 1549.12554 1547.87916 1566.81773 1582.74905 1585.87901 1585.16692 1579.87649 1580.92714 1559.91729 1557.38608 1572.67412 1580.42909
[222] 1580.86949 1602.92723 1602.06102 1617.76959 1652.94808 1662.33715 1653.02638 1669.80906 1648.33265 1646.93725 1651.34185 1682.25032 1702.05747
[235] 1700.15823 1721.76039 1742.84091 1748.80491 1759.06642 1770.80524 1794.15349 1799.71089 1807.99815 1773.19833 1787.55799 1779.42728 1773.85412
[248] 1787.92418 1791.44983 1801.15331 1814.91081 1815.30274 1817.83146 1819.37332 1833.56618 1832.28273 1855.15999 1853.55659 1876.44643 1897.69918
[261] 1892.72620 1901.26081 1925.41215 1914.94192 1913.48030 1916.44413 1916.48714 1956.60607 1958.40740 1955.91924 1973.48333 1970.32282 1985.45468
[274] 2012.99398 2002.53795 2014.37047 2020.30676 2051.20923 2061.34808 2066.10287 2073.71030 2077.21924 2083.72380 2085.79853 2088.74709 2091.47587
[287] 2101.64780 2081.82294 2097.30888 2105.46366 2110.58113 2120.58164 2124.99642 2122.03438 2130.51519 2144.21969 2146.67298 2140.36395 2144.93129
[300] 2148.00562 2159.70050 2199.27266 2221.00848 2229.53017 2228.25988 2243.68898 2244.21787 2242.46490 2253.62489 2237.54610 2245.65494 2267.90803
[313] 2302.56696 2313.03311 2317.06312 2335.19962 2354.91672 2364.91161 2416.87435 2429.65306 2442.21326 2447.70049 2454.29105 2453.71853 2452.10492
[326] 2460.25770 2455.62410 2454.40905 2452.07797 2441.41785 2451.02555 2457.43518 2458.94665 2472.09492 2483.36555 2478.28549 2487.58589 2505.94052
[339] 2519.09543 2526.19450 2538.10539 2536.50989 2534.23707 2556.35540 2553.00940 2575.09943 2582.64742 2595.06908 2592.89584 2594.42777 2600.98479
[352] 2604.61375 2618.83021 2622.27320 2633.31142 2647.10650 2680.99394 2701.58356 2697.19424 2704.52967 2691.51427 2701.27667 2696.05945 2702.94967
[365] 2726.72126 2722.56087 2749.89979 2779.66999 2777.61377 2783.30975 2790.67021 2798.33316 2818.94194 2832.29687 2866.66123 2860.52364 2865.69150
[378] 2874.79351 2865.76463 2873.32389 2877.36435 2919.80312 2939.30901 2943.07165 2953.44705 2965.71959 2980.58431 2968.20328 2986.76708 3006.26806
[391] 3016.47015 3019.27508 3046.16433 3053.90120 3051.27285 3105.51688 3121.99926 3135.66807 3160.47403 3177.19985 3173.97916 3180.57225 3187.73532
[404] 3186.46355 3211.60708 3219.45365 3224.67306 3233.82970 3224.19920 3255.89685 3273.39295 3279.54113 3288.48013 3292.95391 3306.19173 3312.08671
[417] 3300.76433 3323.70749 3351.02104 3356.65829 3371.36240 3380.67924 3386.96160 3383.92492 3379.70900 3386.41268 3399.53640 3396.93344 3409.06944
[430] 3431.80116 3441.27166 3445.53217 3448.77799 3438.63532 3449.45868 3461.84031 3486.71901 3502.78677 3513.42695 3501.28813 3502.16692 3508.07487
[443] 3527.48012 3556.49422 3559.95512 3578.79567 3607.23980 3623.82299 3639.92862 3644.93199 3649.45116 3650.41607 3656.08618 3653.30457 3657.60148
[456] 3655.07452 3661.39114 3669.94086 3688.92010 3706.17497 3713.92769 3701.99713 3722.64787 3736.44134 3739.79253 3754.36261 3761.27764 3759.70313
[469] 3773.57397 3792.58898 3802.92092 3805.35726 3814.47579 3826.91644 3844.39883 3862.84081 3875.35222 3878.10941 3887.03549 3897.55367 3897.24573
[482] 3911.04641 3916.16858 3930.64333 3952.31591 3971.43559 3997.38042 3987.33376 3997.84464 3999.27037 3973.57458 4021.80144 4032.72618 4037.90890
[495] 4059.12423 4070.74898 4083.48775 4098.87357 4096.44788 4119.67429

norm.sum.crit.ds
  [1] 1.501572 1.141650 1.334924 1.197034 1.388055 1.949742 2.042463 2.038620 2.120903 1.956682 2.534899 3.185940 3.068614 3.496084 3.242160
 [16] 3.307271 3.369594 3.293093 3.638542 3.750302 4.053209 4.000262 4.633731 5.057621 4.929304 4.646936 4.565249 4.682970 4.792228 4.669228
 [31] 4.354582 4.765670 4.775194 4.785770 4.750920 4.927064 4.720634 4.769878 4.942746 4.901524 4.911926 4.930590 4.925834 5.009750 4.838543
 [46] 4.819944 4.752709 4.604954 4.648376 4.461062 4.310995 4.186344 4.237662 4.321171 4.433849 4.494122 4.475000 4.435620 4.380083 4.589836
 [61] 4.909629 4.978043 4.975072 4.951926 5.064483 5.010526 4.980675 5.051415 4.990436 4.983288 4.964541 4.933809 4.853841 4.943929 4.822609
 [76] 4.844361 4.953533 5.238661 5.332850 5.361198 5.334416 5.342084 5.312410 5.297338 5.258997 5.500364 5.575445 5.627793 5.592647 5.705701
 [91] 5.830199 5.866690 5.843365 5.897853 5.837430 5.852800 5.832339 5.898631 5.939932 5.898890 5.911838 5.950628 6.120843 6.121865 6.255724
[106] 6.278536 6.199764 6.258891 6.296795 6.275182 6.081228 6.078289 6.188099 6.152201 6.186937 6.184459 6.253933 6.335080 6.182396 6.226894
[121] 6.272113 6.167682 6.301792 6.374295 6.408177 6.506971 6.496421 6.495591 6.454929 6.491719 6.555025 6.498137 6.474612 6.598550 6.556861
[136] 6.638509 6.695649 6.605242 6.600739 6.559928 6.591047 6.559210 6.577175 6.557789 6.620979 6.628686 6.602544 6.593397 6.651475 6.715401
[151] 6.789013 6.626367 6.630388 6.701587 6.743632 6.671298 6.685575 6.680783 6.701944 6.694145 6.774600 6.807446 6.782177 6.813260 6.763360
[166] 6.789280 6.778754 6.762098 6.813589 6.900029 6.929166 6.871462 6.818330 6.815185 6.806367 6.768529 6.966727 7.051808 7.000351 6.956006
[181] 6.898350 6.880654 6.839265 6.752061 6.718497 6.757843 6.721707 6.732480 6.677769 6.626068 6.647519 6.560174 6.575025 6.631689 6.686990
[196] 6.684048 6.763186 6.850029 6.844019 6.770447 6.820812 6.867777 6.816584 6.854323 6.897482 6.931347 6.946611 6.949228 7.095136 7.073633
[211] 7.035814 7.089673 7.129500 7.111565 7.076638 7.021673 6.995253 6.871882 6.830641 6.867573 6.871431 6.843591 6.909169 6.875798 6.913545
[226] 7.033822 7.043801 6.974795 7.016004 6.896789 6.862239 6.852041 6.951448 7.004352 6.967862 7.027593 7.084719 7.080182 7.093010 7.111668
[241] 7.176614 7.170163 7.174596 7.008689 7.037630 6.978146 6.929118 6.956903 6.943604 6.954260 6.980426 6.955183 6.938288 6.917769 6.945326
[256] 6.914274 6.974286 6.942160 7.001666 7.054644 7.010097 7.015723 7.078721 7.014439 6.983505 6.968888 6.943794 7.063560 7.044631 7.010463
[271] 7.048155 7.011825 7.040619 7.113053 7.051190 7.067967 7.064010 7.147070 7.157459 7.149145 7.150725 7.138210 7.136040 7.118766 7.104582
[286] 7.089749 7.100161 7.009505 7.037949 7.041684 7.035270 7.045122 7.036412 7.003414 7.008274 7.030229 7.015271 6.971870 6.964063 6.951474
[301] 6.966776 7.071616 7.118617 7.123100 7.096369 7.122822 7.101955 7.074022 7.086871 7.014251 7.017672 7.065134 7.150829 7.161093 7.151429
[316] 7.185230 7.223671 7.232146 7.368519 7.384964 7.400646 7.394866 7.392443 7.368524 7.341631 7.344053 7.308405 7.283113 7.254669 7.201823
[331] 7.208899 7.206555 7.189902 7.207274 7.219086 7.183436 7.189555 7.221731 7.238780 7.238380 7.251730 7.226524 7.199537 7.241800 7.211891
[346] 7.253801 7.254628 7.269101 7.242726 7.226818 7.224958 7.214997 7.234338 7.223893 7.234372 7.252347 7.325120 7.361263 7.329332 7.329349
[361] 7.274363 7.281069 7.247472 7.246514 7.290699 7.260162 7.313563 7.373130 7.348185 7.343825 7.343869 7.344706 7.379429 7.395031 7.465264
[376] 7.429932 7.424071 7.428407 7.385991 7.386437 7.377857 7.467527 7.498237 7.488732 7.496058 7.508151 7.526728 7.476583 7.504440 7.534506
[391] 7.541175 7.529364 7.577523 7.577919 7.552656 7.667943 7.689653 7.704344 7.746260 7.768215 7.741413 7.738619 7.737222 7.715408 7.757505
[406] 7.757720 7.751618 7.754987 7.713395 7.770637 7.793793 7.789884 7.792607 7.784761 7.797622 7.793145 7.748273 7.783858 7.829488 7.824378
[421] 7.840378 7.843803 7.840189 7.815069 7.787348 7.784857 7.797102 7.773303 7.783264 7.817315 7.821072 7.812998 7.802665 7.762156 7.769051
[436] 7.779416 7.817756 7.836212 7.842471 7.797969 7.782593 7.778437 7.804160 7.850981 7.841311 7.865485 7.910614 7.929591 7.947442 7.941028
[451] 7.933589 7.918473 7.913606 7.890507 7.882762 7.860375 7.857063 7.858546 7.882308 7.902292 7.901974 7.859867 7.886966 7.899453 7.889858
[466] 7.903921 7.901844 7.881977 7.894506 7.917722 7.922752 7.911346 7.913850 7.923222 7.942973 7.964620 7.973976 7.963264 7.965237 7.970457
[481] 7.953563 7.965471 7.959692 7.972907 8.000639 8.023102 8.059235 8.022804 8.027800 8.014570 7.947149 8.027548 8.033319 8.027652 8.053818
[496] 8.060889 8.070134 8.084563 8.063874 8.093663

##########################################################
THETA.HAT
           [,1]     [,2]     [,3]      [,4]
  [1,] 7.589648 5.574717 2.829855 1.0000000
  [2,] 7.394005 4.835156 3.133495 0.9602484
  [3,] 7.424108 4.945063 3.206180 0.9582691
  [4,] 7.418888 4.926599 3.420827 0.9420877
  [5,] 7.420687 4.928608 3.408734 0.9440535
  [6,] 7.423612 4.940188 3.131425 0.9636165
  [7,] 7.423616 4.939928 3.140773 0.9629742
  [8,] 7.422907 4.939562 3.149972 0.9612322
  [9,] 7.428147 4.958716 3.163067 0.9608513
 [10,] 7.426631 4.951445 3.277916 0.9527630
 [11,] 7.437404 4.961538 3.200060 0.9681046
 [12,] 7.435274 4.961714 2.990703 0.9814634
 [13,] 7.435881 4.961628 3.051178 0.9776092
 [14,] 7.430634 4.952529 3.011015 0.9853299
 [15,] 7.473273 5.108570 3.112419 0.9831931
 [16,] 7.473246 5.108565 3.110032 0.9833411
 [17,] 7.473204 5.108503 3.109829 0.9833802
 [18,] 7.473581 5.108567 3.144179 0.9812585
 [19,] 7.467740 5.100038 3.116972 0.9865138
 [20,] 7.467502 5.100015 3.095473 0.9878120
 [21,] 7.466756 5.099962 3.027680 0.9919036
 [22,] 7.468736 5.102681 3.032860 0.9909143
 [23,] 7.408925 4.883698 2.894796 0.9933955
 [24,] 7.407499 4.885982 2.821704 0.9978809
 [25,] 7.411799 4.891427 2.831024 0.9960446
 [26,] 7.412752 4.889839 2.881476 0.9929285
 [27,] 7.456645 4.942447 2.894185 0.9923674
 [28,] 7.455886 4.941378 2.889718 0.9933153
 [29,] 7.455790 4.941288 2.873518 0.9942888
 [30,] 7.455974 4.941461 2.904422 0.9924314
 [31,] 7.459245 4.946083 2.924042 0.9882356
 [32,] 7.426663 4.816727 2.840694 0.9898013
 [33,] 7.426684 4.816749 2.844216 0.9895871
 [34,] 7.426842 4.816960 2.845181 0.9893775
 [35,] 7.426905 4.817026 2.855835 0.9887295
 [36,] 7.425561 4.815236 2.847706 0.9904948
 [37,] 7.425820 4.815508 2.891619 0.9878462
 [38,] 7.425770 4.815454 2.883094 0.9883605
 [39,] 7.413855 4.768209 2.852199 0.9889373
 [40,] 7.414383 4.768889 2.855430 0.9882339
 [41,] 7.414390 4.768896 2.856649 0.9881603
 [42,] 7.414382 4.768885 2.856610 0.9881686
 [43,] 7.414400 4.768905 2.859766 0.9879783
 [44,] 7.413599 4.767909 2.856224 0.9887424
 [45,] 7.413796 4.768118 2.889871 0.9867205
 [46,] 7.416376 4.778344 2.896662 0.9865895
 [47,] 7.416471 4.778446 2.912889 0.9856138
 [48,] 7.418441 4.780855 2.921994 0.9836530
 [49,] 7.418377 4.780786 2.910897 0.9843256
 [50,] 7.503599 4.876880 2.931672 0.9832075
 [51,] 7.503468 4.876947 2.941424 0.9809679
 [52,] 7.503590 4.877086 2.972233 0.9790519
 [53,] 7.503551 4.877041 2.962404 0.9796632
 [54,] 7.503614 4.877006 2.957575 0.9807699
 [55,] 7.494988 4.841622 2.933780 0.9812790
 [56,] 7.494944 4.841573 2.922675 0.9819654
 [57,] 7.494919 4.841579 2.924392 0.9815693
 [58,] 7.494960 4.841624 2.934595 0.9809378
 [59,] 7.495016 4.841688 2.948720 0.9800634
 [60,] 7.495198 4.841653 2.936579 0.9828536
 [61,] 7.471016 4.742546 2.870075 0.9842070
 [62,] 7.470970 4.742496 2.858784 0.9848954
 [63,] 7.471052 4.742596 2.859391 0.9847586
 [64,] 7.471076 4.742622 2.865256 0.9844009
 [65,] 7.470357 4.741744 2.859958 0.9855933
 [66,] 7.470403 4.741793 2.871152 0.9849144
 [67,] 7.470662 4.742110 2.873062 0.9844852
 [68,] 7.470607 4.742051 2.859787 0.9852918
 [69,] 7.475600 4.762505 2.873426 0.9850232
 [70,] 7.475611 4.762517 2.876114 0.9848598
 [71,] 7.475786 4.762728 2.877406 0.9845677
 [72,] 7.475805 4.762749 2.882222 0.9842746
 [73,] 7.511739 4.802053 2.890209 0.9838284
 [74,] 7.511569 4.801800 2.885945 0.9848140
 [75,] 7.511648 4.801885 2.910954 0.9832874
 [76,] 7.511638 4.801874 2.907736 0.9834838
 [77,] 7.511418 4.801543 2.902170 0.9847648
 [78,] 7.491777 4.719304 2.846908 0.9858436
 [79,] 7.491727 4.719250 2.831231 0.9867925
 [80,] 7.491610 4.719110 2.830224 0.9870230
 [81,] 7.491628 4.719129 2.835868 0.9866818
 [82,] 7.491620 4.719119 2.835796 0.9866981
 [83,] 7.491640 4.719139 2.841826 0.9863337
 [84,] 7.491651 4.719151 2.845397 0.9861178
 [85,] 7.491867 4.719412 2.847280 0.9856877
 [86,] 7.476228 4.653976 2.803467 0.9865258
 [87,] 7.476190 4.653936 2.791768 0.9872325
 [88,] 7.475791 4.653483 2.789710 0.9876989
 [89,] 7.475813 4.653505 2.796255 0.9873044
 [90,] 7.474899 4.652468 2.791578 0.9883621
 [91,] 7.474836 4.652403 2.772206 0.9895240
 [92,] 7.474472 4.651997 2.770890 0.9898189
 [93,] 7.474484 4.652010 2.774622 0.9895954
 [94,] 7.471449 4.639313 2.766242 0.9897438
 [95,] 7.471482 4.639348 2.776509 0.9891292
 [96,] 7.471255 4.639096 2.775684 0.9893141
 [97,] 7.480357 4.648781 2.777594 0.9892176
 [98,] 7.480332 4.648755 2.767871 0.9898001
 [99,] 7.480092 4.648482 2.766407 0.9901358
[100,] 7.480111 4.648501 2.773364 0.9897197
[101,] 7.480056 4.648438 2.773028 0.9897967
[102,] 7.480040 4.648422 2.767143 0.9901484
[103,] 7.470475 4.607750 2.740272 0.9906145
[104,] 7.470476 4.607751 2.740875 0.9905785
[105,] 7.469655 4.606828 2.735963 0.9917064
[106,] 7.469648 4.606821 2.733272 0.9918662
[107,] 7.470407 4.607658 2.736397 0.9911571
[108,] 7.470386 4.607636 2.728258 0.9916420
[109,] 7.470076 4.607295 2.726988 0.9919309
[110,] 7.470085 4.607303 2.730157 0.9917424
[111,] 7.481238 4.654734 2.761357 0.9912148
[112,] 7.481241 4.654736 2.762403 0.9911524
[113,] 7.480243 4.653635 2.758295 0.9920870
[114,] 7.480258 4.653651 2.764125 0.9917412
[115,] 7.479962 4.653324 2.762916 0.9920158
[116,] 7.479964 4.653326 2.763659 0.9919718
[117,] 7.479145 4.652432 2.761118 0.9925413
[118,] 7.479115 4.652401 2.749400 0.9932334
[119,] 7.487841 4.689530 2.773756 0.9928353
[120,] 7.487825 4.689514 2.767654 0.9931962
[121,] 7.487300 4.688941 2.766046 0.9935583
[122,] 7.487339 4.688979 2.780993 0.9926760
[123,] 7.442868 4.641803 2.772027 0.9930978
[124,] 7.442326 4.641201 2.769453 0.9936819
[125,] 7.442316 4.641192 2.764972 0.9939433
[126,] 7.441318 4.640097 2.761481 0.9947265
[127,] 7.441321 4.640101 2.763159 0.9946289
[128,] 7.441521 4.640967 2.763734 0.9946200
[129,] 7.441984 4.641473 2.765349 0.9942577
[130,] 7.441973 4.641462 2.760523 0.9945385
[131,] 7.441954 4.641445 2.752056 0.9950314
[132,] 7.442568 4.642115 2.754191 0.9945501
[133,] 7.442576 4.642123 2.757860 0.9943360
[134,] 7.441326 4.640757 2.753520 0.9953134
[135,] 7.441340 4.640770 2.759486 0.9949670
[136,] 7.437253 4.623078 2.747776 0.9951470
[137,] 7.436562 4.622332 2.745878 0.9955686
[138,] 7.436591 4.622359 2.758619 0.9948309
[139,] 7.436686 4.622462 2.758883 0.9947725
[140,] 7.436700 4.622475 2.764866 0.9944260
[141,] 7.436690 4.622466 2.760828 0.9946599
[142,] 7.437110 4.622920 2.761992 0.9944019
[143,] 7.436313 4.619467 2.759693 0.9944377
[144,] 7.436320 4.619473 2.762712 0.9942627
[145,] 7.435536 4.618629 2.760542 0.9947437
[146,] 7.435534 4.618628 2.759727 0.9947908
[147,] 7.435900 4.619022 2.760738 0.9945668
[148,] 7.435902 4.619024 2.761651 0.9945139
[149,] 7.417857 4.600025 2.758080 0.9946719
[150,] 7.417841 4.600010 2.749647 0.9951584
[151,] 7.417218 4.599332 2.747157 0.9957202
[152,] 7.425492 4.635560 2.771332 0.9953555
[153,] 7.425492 4.635559 2.771091 0.9953694
[154,] 7.424714 4.634718 2.768679 0.9959072
[155,] 7.424704 4.634709 2.763197 0.9962220
[156,] 7.425545 4.635618 2.765797 0.9956415
[157,] 7.425542 4.635615 2.764085 0.9957401
[158,] 7.425544 4.635617 2.765018 0.9956863
[159,] 7.425316 4.635371 2.764313 0.9958440
[160,] 7.425820 4.637577 2.765782 0.9958220
[161,] 7.425799 4.637558 2.755110 0.9964362
[162,] 7.425458 4.637191 2.754065 0.9966705
[163,] 7.425465 4.637197 2.757711 0.9964609
[164,] 7.425142 4.636849 2.756723 0.9966822
[165,] 7.425156 4.636861 2.763641 0.9962850
[166,] 7.424888 4.636571 2.762819 0.9964686
[167,] 7.424890 4.636574 2.764355 0.9963805
[168,] 7.425811 4.640606 2.767039 0.9963408
[169,] 7.425798 4.640595 2.760337 0.9967253
[170,] 7.424858 4.639582 2.757485 0.9973638
[171,] 7.424850 4.639575 2.753462 0.9975938
[172,] 7.445576 4.661411 2.757234 0.9974791
[173,] 7.446217 4.662101 2.759084 0.9970640
[174,] 7.446218 4.662102 2.759722 0.9970273
[175,] 7.446343 4.662237 2.760085 0.9969458
[176,] 7.446353 4.662245 2.765280 0.9966468
[177,] 7.436762 4.620103 2.737386 0.9970543
[178,] 7.435826 4.619102 2.734700 0.9976566
[179,] 7.435838 4.619113 2.741550 0.9972641
[180,] 7.435849 4.619123 2.747555 0.9969201
[181,] 7.436526 4.619847 2.749513 0.9964822
[182,] 7.436531 4.619851 2.752039 0.9963372
[183,] 7.437011 4.620365 2.753438 0.9960244
[184,] 7.441395 4.639628 2.766272 0.9958327
[185,] 7.441403 4.639636 2.771013 0.9955599
[186,] 7.440965 4.639167 2.769727 0.9958474
[187,] 7.440974 4.639175 2.774812 0.9955552
[188,] 7.440972 4.639173 2.773545 0.9956280
[189,] 7.441628 4.639875 2.775478 0.9951961
[190,] 7.441641 4.639887 2.782648 0.9947832
[191,] 7.440632 4.635454 2.779673 0.9948290
[192,] 7.441681 4.636575 2.782801 0.9941302
[193,] 7.441678 4.636571 2.780883 0.9942410
[194,] 7.441027 4.635877 2.778943 0.9946747
[195,] 7.441015 4.635865 2.771511 0.9951031
[196,] 7.441016 4.635866 2.772083 0.9950701
[197,] 7.440083 4.634870 2.769337 0.9956847
[198,] 7.410150 4.603510 2.763898 0.9958639
[199,] 7.410152 4.603512 2.764882 0.9958077
[200,] 7.411047 4.604467 2.767395 0.9952501
[201,] 7.408684 4.594001 2.760348 0.9953564
[202,] 7.408674 4.593992 2.754338 0.9957006
[203,] 7.409301 4.594658 2.756096 0.9953095
[204,] 7.409293 4.594651 2.751278 0.9955861
[205,] 7.408798 4.594125 2.749893 0.9958945
[206,] 7.408791 4.594118 2.745624 0.9961391
[207,] 7.408592 4.593908 2.745166 0.9962401
[208,] 7.408592 4.593907 2.744898 0.9962555
[209,] 7.401830 4.563966 2.724899 0.9965479
[210,] 7.402151 4.564306 2.725637 0.9963855
[211,] 7.402159 4.564313 2.730581 0.9961023
[212,] 7.402149 4.564303 2.723935 0.9964829
[213,] 7.401611 4.563736 2.722705 0.9967540
[214,] 7.401615 4.563739 2.725095 0.9966174
[215,] 7.402085 4.564235 2.726171 0.9963803
[216,] 7.420934 4.583870 2.729580 0.9962704
[217,] 7.420940 4.583875 2.733007 0.9960735
[218,] 7.426832 4.610019 2.750460 0.9958144
[219,] 7.427349 4.610567 2.751874 0.9954984
[220,] 7.427342 4.610560 2.747192 0.9957680
[221,] 7.427341 4.610560 2.746860 0.9957872
[222,] 7.427690 4.610930 2.747814 0.9955733
[223,] 7.427678 4.610918 2.739428 0.9960568
[224,] 7.428090 4.611355 2.740553 0.9958042
[225,] 7.428083 4.611349 2.735719 0.9960833
[226,] 7.422476 4.586477 2.719229 0.9963267
[227,] 7.422375 4.586370 2.718956 0.9963883
[228,] 7.422388 4.586382 2.727837 0.9958761
[229,] 7.421919 4.585886 2.726561 0.9961626
[230,] 7.421941 4.585907 2.741955 0.9952762
[231,] 7.421948 4.585914 2.746572 0.9950104
[232,] 7.422075 4.586048 2.746921 0.9949324
[233,] 7.417424 4.565415 2.733085 0.9951421
[234,] 7.417414 4.565406 2.726478 0.9955224
[235,] 7.417854 4.565870 2.727682 0.9952530
[236,] 7.417843 4.565859 2.720226 0.9956828
[237,] 7.417048 4.565025 2.718443 0.9960775
[238,] 7.417049 4.565025 2.719114 0.9960389
[239,] 7.416855 4.564821 2.718679 0.9961351
[240,] 7.411051 4.558799 2.717638 0.9961692
[241,] 7.411040 4.558789 2.709738 0.9966228
[242,] 7.411147 4.558901 2.709973 0.9965709
[243,] 7.411146 4.558900 2.709499 0.9965981
[244,] 7.418804 4.593007 2.732190 0.9962667
[245,] 7.418799 4.593003 2.728672 0.9964689
[246,] 7.419673 4.593923 2.730607 0.9960400
[247,] 7.419682 4.593931 2.736977 0.9956729
[248,] 7.419359 4.593591 2.736116 0.9958660
[249,] 7.419362 4.593593 2.737855 0.9957659
[250,] 7.418905 4.591559 2.736497 0.9957861

THETA.HAT[251:500,]
           [,1]     [,2]     [,3]      [,4]
  [1,] 7.418605 4.591242 2.735697 0.9959655
  [2,] 7.418609 4.591247 2.739034 0.9957736
  [3,] 7.418612 4.591250 2.741319 0.9956422
  [4,] 7.418925 4.591579 2.742015 0.9954884
  [5,] 7.418920 4.591574 2.738582 0.9956860
  [6,] 7.419386 4.592064 2.739617 0.9954569
  [7,] 7.419376 4.592054 2.731980 0.9958970
  [8,] 7.420921 4.598939 2.736566 0.9958288
  [9,] 7.420071 4.598045 2.734685 0.9962459
 [10,] 7.420062 4.598036 2.728099 0.9966247
 [11,] 7.420719 4.598727 2.729543 0.9963038
 [12,] 7.420718 4.598726 2.728928 0.9963392
 [13,] 7.420707 4.598716 2.720936 0.9967996
 [14,] 7.442633 4.621527 2.724801 0.9966736
 [15,] 7.443019 4.621933 2.725803 0.9964469
 [16,] 7.443021 4.621935 2.727753 0.9963340
 [17,] 7.443330 4.622261 2.728559 0.9961516
 [18,] 7.437792 4.597578 2.712267 0.9963921
 [19,] 7.437795 4.597581 2.714737 0.9962491
 [20,] 7.438217 4.598024 2.715836 0.9960005
 [21,] 7.438211 4.598018 2.711225 0.9962680
 [22,] 7.438658 4.598487 2.712387 0.9960047
 [23,] 7.438654 4.598483 2.708889 0.9962078
 [24,] 7.438642 4.598473 2.700045 0.9967215
 [25,] 7.439386 4.599253 2.701970 0.9962840
 [26,] 7.439383 4.599251 2.699983 0.9963996
 [27,] 7.439435 4.599305 2.700117 0.9963692
 [28,] 7.435659 4.582480 2.689090 0.9965311
 [29,] 7.435658 4.582479 2.687925 0.9965989
 [30,] 7.435765 4.582591 2.688202 0.9965358
 [31,] 7.435765 4.582591 2.688091 0.9965423
 [32,] 7.435921 4.582755 2.688494 0.9964505
 [33,] 7.435921 4.582755 2.688831 0.9964308
 [34,] 7.435924 4.582758 2.691021 0.9963034
 [35,] 7.436095 4.582936 2.691462 0.9962029
 [36,] 7.436810 4.586124 2.693553 0.9961720
 [37,] 7.436809 4.586122 2.692363 0.9962413
 [38,] 7.437890 4.587255 2.695175 0.9956009
 [39,] 7.437886 4.587250 2.691579 0.9958111
 [40,] 7.436878 4.586207 2.691403 0.9958170
 [41,] 7.436965 4.586299 2.691625 0.9957665
 [42,] 7.436964 4.586298 2.690487 0.9958329
 [43,] 7.437079 4.586418 2.690779 0.9957666
 [44,] 7.437084 4.586422 2.694902 0.9955255
 [45,] 7.436892 4.585567 2.694340 0.9955340
 [46,] 7.436889 4.585564 2.691723 0.9956870
 [47,] 7.437079 4.585762 2.692206 0.9955770
 [48,] 7.437085 4.585769 2.697675 0.9952570
 [49,] 7.437189 4.585877 2.697939 0.9951969
 [50,] 7.437191 4.585879 2.699576 0.9951011
 [51,] 7.437007 4.585686 2.699106 0.9952081
 [52,] 7.432200 4.564218 2.684988 0.9954213
 [53,] 7.432194 4.564211 2.679339 0.9957514
 [54,] 7.432149 4.564165 2.679226 0.9957771
 [55,] 7.432153 4.564169 2.682544 0.9955832
 [56,] 7.432149 4.564165 2.679413 0.9957662
 [57,] 7.432405 4.564432 2.680062 0.9956184
 [58,] 7.432409 4.564436 2.683530 0.9954156
 [59,] 7.432257 4.564277 2.683142 0.9955039
 [60,] 7.435627 4.579330 2.693032 0.9953551
 [61,] 7.435627 4.579330 2.692676 0.9953759
 [62,] 7.435047 4.578725 2.691202 0.9957114
 [63,] 7.406959 4.549711 2.686288 0.9958776
 [64,] 7.406958 4.549710 2.685124 0.9959451
 [65,] 7.407084 4.549841 2.685437 0.9958745
 [66,] 7.407079 4.549837 2.681434 0.9961070
 [67,] 7.406624 4.549361 2.680307 0.9963620
 [68,] 7.406622 4.549360 2.679320 0.9964193
 [69,] 7.400669 4.522627 2.661733 0.9966744
 [70,] 7.400447 4.522396 2.661277 0.9967762
 [71,] 7.400406 4.522459 2.659557 0.9968795
 [72,] 7.400407 4.522460 2.660308 0.9968360
 [73,] 7.400449 4.522504 2.660396 0.9968164
 [74,] 7.400452 4.522508 2.663238 0.9966518
 [75,] 7.400843 4.522913 2.664040 0.9964726
 [76,] 7.400842 4.522913 2.663815 0.9964857
 [77,] 7.401354 4.523444 2.664868 0.9962504
 [78,] 7.402491 4.528550 2.668230 0.9962013
 [79,] 7.402574 4.528431 2.671598 0.9959985
 [80,] 7.403345 4.529231 2.673195 0.9956415
 [81,] 7.403345 4.529230 2.672410 0.9956872
 [82,] 7.403345 4.529231 2.672748 0.9956675
 [83,] 7.403578 4.529473 2.673233 0.9955592
 [84,] 7.398118 4.523849 2.672274 0.9955916
 [85,] 7.398117 4.523847 2.670901 0.9956715
 [86,] 7.399720 4.531066 2.675670 0.9956006
 [87,] 7.399654 4.530997 2.675507 0.9956374
 [88,] 7.399651 4.530992 2.671744 0.9958561
 [89,] 7.399454 4.530786 2.671260 0.9959659
 [90,] 7.399454 4.530786 2.671363 0.9959599
 [91,] 7.399301 4.530627 2.670988 0.9960449
 [92,] 7.399303 4.530632 2.674026 0.9958685
 [93,] 7.399306 4.530636 2.677264 0.9956804
 [94,] 7.397471 4.522375 2.671803 0.9957614
 [95,] 7.397837 4.522756 2.672705 0.9955574
 [96,] 7.397833 4.522749 2.667807 0.9958420
 [97,] 7.397830 4.522746 2.667799 0.9958438
 [98,] 7.397829 4.522743 2.666150 0.9959397
 [99,] 7.398218 4.523147 2.666946 0.9957616
[100,] 7.398220 4.523150 2.668869 0.9956498
[101,] 7.398249 4.523180 2.668929 0.9956364
[102,] 7.398715 4.525279 2.670314 0.9956158
[103,] 7.398660 4.525355 2.668112 0.9957486
[104,] 7.398692 4.525311 2.669390 0.9956715
[105,] 7.398547 4.525160 2.669092 0.9957381
[106,] 7.398493 4.525234 2.666948 0.9958674
[107,] 7.375409 4.501479 2.662906 0.9960031
[108,] 7.374898 4.500948 2.661867 0.9962344
[109,] 7.374899 4.500956 2.665594 0.9960191
[110,] 7.374924 4.501067 2.665668 0.9960180
[111,] 7.375725 4.501897 2.667301 0.9956546
[112,] 7.375725 4.501896 2.666573 0.9956968
[113,] 7.376219 4.502408 2.667582 0.9954720
[114,] 7.376219 4.502408 2.667743 0.9954627
[115,] 7.375588 4.501755 2.666454 0.9957496
[116,] 7.375589 4.501762 2.670054 0.9955413
[117,] 7.372437 4.491086 2.663471 0.9956443
[118,] 7.372272 4.491313 2.656727 0.9960488
[119,] 7.372635 4.491688 2.657465 0.9958844
[120,] 7.372648 4.491670 2.658020 0.9958511
[121,] 7.372654 4.491676 2.658032 0.9958483
[122,] 7.372654 4.491676 2.657985 0.9958510
[123,] 7.372166 4.491171 2.656992 0.9960724
[124,] 7.372166 4.491167 2.655221 0.9961748
[125,] 7.368088 4.477382 2.646756 0.9963049
[126,] 7.368594 4.477901 2.647779 0.9960768
[127,] 7.368611 4.477878 2.648484 0.9960345
[128,] 7.368557 4.477823 2.648375 0.9960589
[129,] 7.368680 4.477666 2.653201 0.9957695
[130,] 7.368679 4.477666 2.653199 0.9957697
[131,] 7.368805 4.477795 2.653454 0.9957128
[132,] 7.363544 4.460050 2.642532 0.9958826
[133,] 7.354135 4.450470 2.640922 0.9959370
[134,] 7.354162 4.450433 2.642042 0.9958700
[135,] 7.354067 4.450335 2.641849 0.9959130
[136,] 7.354036 4.450377 2.640565 0.9959897
[137,] 7.353783 4.450118 2.640056 0.9961030
[138,] 7.353780 4.450137 2.645745 0.9957754
[139,] 7.353394 4.449742 2.644965 0.9959488
[140,] 7.351723 4.444042 2.641432 0.9960032
[141,] 7.351706 4.444063 2.640748 0.9960440
[142,] 7.351877 4.444239 2.641094 0.9959670
[143,] 7.351749 4.444405 2.635844 0.9962803
[144,] 7.351751 4.444406 2.635848 0.9962795
[145,] 7.351819 4.444318 2.638638 0.9961130
[146,] 7.345398 4.422461 2.625115 0.9963197
[147,] 7.345110 4.422168 2.624538 0.9964481
[148,] 7.345072 4.422213 2.623011 0.9965390
[149,] 7.344961 4.422346 2.618590 0.9968022
[150,] 7.344671 4.422050 2.618011 0.9969311
[151,] 7.344743 4.421963 2.620911 0.9967586
[152,] 7.344787 4.422008 2.620998 0.9967393
[153,] 7.344791 4.422002 2.621174 0.9967288
[154,] 7.346019 4.426175 2.623751 0.9966900
[155,] 7.345455 4.425603 2.622627 0.9969404
[156,] 7.345456 4.425602 2.622649 0.9969391
[157,] 7.345534 4.425682 2.622805 0.9969043
[158,] 7.344681 4.424820 2.622664 0.9969090
[159,] 7.344786 4.424682 2.627148 0.9966427
[160,] 7.344016 4.423900 2.625616 0.9969834
[161,] 7.344021 4.423888 2.623148 0.9971244
[162,] 7.344259 4.424706 2.623656 0.9971169
[163,] 7.344253 4.424713 2.623426 0.9971305
[164,] 7.344366 4.424827 2.623649 0.9970807
[165,] 7.344334 4.424866 2.622340 0.9971584
[166,] 7.344401 4.424934 2.622472 0.9971289
[167,] 7.344516 4.424790 2.627280 0.9968438
[168,] 7.344038 4.424306 2.626330 0.9970553
[169,] 7.341623 4.415997 2.621170 0.9971321
[170,] 7.341637 4.415980 2.621756 0.9970973
[171,] 7.341430 4.415770 2.621345 0.9971890
[172,] 7.341422 4.415779 2.621027 0.9972078
[173,] 7.341477 4.415835 2.621136 0.9971835
[174,] 7.341542 4.415759 2.623800 0.9970259
[175,] 7.343052 4.420953 2.627031 0.9969777
[176,] 7.343060 4.420945 2.627346 0.9969591
[177,] 7.342901 4.420785 2.627031 0.9970293
[178,] 7.342965 4.420714 2.629600 0.9968774
[179,] 7.342836 4.420584 2.629344 0.9969344
[180,] 7.342748 4.420682 2.625780 0.9971450
[181,] 7.342703 4.420637 2.625692 0.9971648
[182,] 7.342725 4.420613 2.626573 0.9971127
[183,] 7.343299 4.422589 2.627803 0.9970944
[184,] 7.343408 4.422474 2.632153 0.9968374
[185,] 7.343320 4.422385 2.631978 0.9968764
[186,] 7.343292 4.422415 2.630860 0.9969424
[187,] 7.330420 4.409528 2.628922 0.9969843
[188,] 7.330168 4.409274 2.628442 0.9970908
[189,] 7.330170 4.409270 2.627803 0.9971271
[190,] 7.332537 4.417492 2.632951 0.9970505
[191,] 7.332759 4.417715 2.633375 0.9969565
[192,] 7.332771 4.417702 2.633863 0.9969277
[193,] 7.332417 4.417346 2.633187 0.9970777
[194,] 7.332435 4.417315 2.628225 0.9973592
[195,] 7.332598 4.417479 2.628495 0.9973001
[196,] 7.332537 4.417548 2.625983 0.9974481
[197,] 7.330207 4.409454 2.620930 0.9975224
[198,] 7.329912 4.409158 2.620445 0.9976290
[199,] 7.329867 4.409205 2.618641 0.9977351
[200,] 7.329978 4.409315 2.618822 0.9976954
[201,] 7.329998 4.409294 2.619632 0.9976477
[202,] 7.330037 4.409252 2.621241 0.9975530
[203,] 7.330118 4.409334 2.621374 0.9975237
[204,] 7.331344 4.413590 2.624033 0.9974847
[205,] 7.331365 4.413568 2.624885 0.9974345
[206,] 7.331732 4.413935 2.625489 0.9973017
[207,] 7.331741 4.413926 2.625875 0.9972790
[208,] 7.331716 4.413901 2.625834 0.9972880
[209,] 7.323846 4.406064 2.624683 0.9973133
[210,] 7.323799 4.406117 2.622650 0.9974328
[211,] 7.323811 4.406129 2.622670 0.9974285
[212,] 7.323915 4.406013 2.627085 0.9971689
[213,] 7.322541 4.401203 2.624062 0.9972137
[214,] 7.322345 4.401007 2.623746 0.9972830
[215,] 7.322369 4.400981 2.624784 0.9972220
[216,] 7.322336 4.401016 2.623371 0.9973050
[217,] 7.322376 4.401056 2.623436 0.9972908
[218,] 7.322426 4.401004 2.625528 0.9971679
[219,] 7.321806 4.398834 2.624164 0.9971882
[220,] 7.321433 4.398463 2.623565 0.9973194
[221,] 7.321422 4.398475 2.623088 0.9973473
[222,] 7.321615 4.398667 2.623399 0.9972793
[223,] 7.321610 4.398672 2.623178 0.9972923
[224,] 7.321463 4.398527 2.622943 0.9973438
[225,] 7.321415 4.398576 2.620932 0.9974618
[226,] 7.320333 4.394792 2.618556 0.9974967
[227,] 7.320189 4.394648 2.618325 0.9975474
[228,] 7.320217 4.394622 2.619463 0.9974806
[229,] 7.320213 4.394625 2.619305 0.9974899
[230,] 7.320128 4.394540 2.619168 0.9975199
[231,] 7.325920 4.400274 2.619993 0.9975015
[232,] 7.325893 4.400303 2.618818 0.9975704
[233,] 7.325992 4.400402 2.618974 0.9975363
[234,] 7.325350 4.398140 2.617551 0.9975571
[235,] 7.325285 4.398206 2.614769 0.9977203
[236,] 7.324923 4.397846 2.614204 0.9978445
[237,] 7.324838 4.397932 2.610592 0.9980562
[238,] 7.325443 4.398532 2.611533 0.9978491
[239,] 7.325433 4.398543 2.611068 0.9978764
[240,] 7.325657 4.398766 2.611418 0.9977996
[241,] 7.325818 4.398602 2.618325 0.9973941
[242,] 7.321805 4.384474 2.609440 0.9975248
[243,] 7.321718 4.384388 2.609305 0.9975546
[244,] 7.321733 4.384374 2.609916 0.9975187
[245,] 7.321312 4.383957 2.609259 0.9976630
[246,] 7.321296 4.383972 2.608584 0.9977026
[247,] 7.321274 4.383993 2.607694 0.9977547
[248,] 7.321044 4.383764 2.607335 0.9978336
[249,] 7.322091 4.387449 2.609650 0.9978000
[250,] 7.322020 4.387514 2.606698 0.9979728

#################################################
SESEq
             [,1]       [,2]       [,3]        [,4]
  [1,] 0.51446120 1.77277469 1.05377133 0.053970036
  [2,] 0.54492301 1.84951951 1.36850790 0.058233137
  [3,] 0.25799472 0.63740361 0.68930725 0.046559883
  [4,] 0.24704246 0.60903893 0.63623710 0.042805161
  [5,] 0.23258484 0.57444676 0.58863187 0.036185466
  [6,] 0.24322760 0.60151541 0.51343141 0.029856132
  [7,] 0.23194482 0.57358584 0.46936591 0.026862013
  [8,] 0.22239950 0.55005788 0.45002140 0.024595906
  [9,] 0.19289664 0.40598767 0.36520715 0.022762578
 [10,] 0.19379790 0.40748309 0.36802875 0.022962092
 [11,] 0.22350781 0.47017269 0.40598963 0.022635764
 [12,] 0.24596067 0.51761199 0.39696006 0.021376766
 [13,] 0.24184029 0.50888402 0.38935776 0.020912482
 [14,] 0.24848748 0.52267583 0.39169577 0.019402292
 [15,] 0.23727735 0.45759810 0.35956809 0.019676353
 [16,] 0.23127304 0.44602213 0.34084166 0.018514284
 [17,] 0.22564021 0.43520978 0.33188661 0.017540521
 [18,] 0.22172772 0.42764538 0.32323322 0.017017948
 [19,] 0.22643278 0.43660897 0.32566471 0.016229505
 [20,] 0.22224345 0.42854610 0.31104958 0.015327894
 [21,] 0.22469823 0.43332528 0.30122782 0.014596958
 [22,] 0.22077875 0.42590099 0.29632393 0.014162021
 [23,] 0.21288949 0.37159582 0.26057023 0.013194494
 [24,] 0.21900002 0.38247419 0.25585569 0.012743595
 [25,] 0.21721863 0.37951884 0.25460961 0.012611991
 [26,] 0.21865451 0.38188252 0.25818325 0.012778867
 [27,] 0.17148570 0.34454812 0.25225931 0.012644493
 [28,] 0.16918439 0.33992146 0.24810640 0.012150976
 [29,] 0.16702761 0.33558883 0.24006517 0.011657879
 [30,] 0.16629296 0.33411151 0.23926085 0.011589796
 [31,] 0.17309335 0.34785576 0.25124532 0.012329903
 [32,] 0.16762568 0.31146167 0.22713692 0.011705203
 [33,] 0.16536805 0.30726696 0.22167803 0.011374647
 [34,] 0.16319927 0.30324742 0.21871286 0.011079103
 [35,] 0.16132245 0.29976051 0.21476965 0.010840583
 [36,] 0.16125695 0.29962328 0.21366128 0.010516994
 [37,] 0.16336603 0.30354381 0.21827418 0.010749046
 [38,] 0.16157343 0.30021269 0.21312267 0.010436108
 [39,] 0.15734339 0.27636231 0.19752649 0.010103293
 [40,] 0.15588859 0.27381908 0.19589425 0.009944348
 [41,] 0.15415042 0.27076605 0.19197698 0.009709317
 [42,] 0.15245670 0.26779899 0.18975490 0.009488676
 [43,] 0.15085237 0.26498108 0.18636322 0.009286077
 [44,] 0.14973875 0.26302139 0.18457149 0.009052001
 [45,] 0.15131673 0.26579525 0.18763943 0.009205783
 [46,] 0.14853563 0.25068474 0.17813120 0.009084806
 [47,] 0.14781199 0.24946460 0.17699409 0.009015897
 [48,] 0.14957244 0.25246480 0.17980386 0.009190525
 [49,] 0.14850880 0.25066863 0.17633228 0.008972627
 [50,] 0.12870407 0.23916107 0.17624779 0.009141551
 [51,] 0.13098958 0.24340675 0.18022391 0.009393297
 [52,] 0.13212058 0.24550953 0.18274621 0.009529984
 [53,] 0.13120291 0.24380391 0.17949438 0.009322307
 [54,] 0.13092410 0.24328636 0.17857594 0.009126512
 [55,] 0.12850097 0.22889986 0.16889535 0.008901746
 [56,] 0.12776042 0.22758024 0.16597524 0.008713874
 [57,] 0.12683134 0.22592486 0.16484539 0.008602758
 [58,] 0.12610254 0.22462708 0.16350109 0.008520144
 [59,] 0.12569756 0.22390629 0.16290389 0.008481882
 [60,] 0.13096133 0.23328561 0.16856774 0.008548195
 [61,] 0.13033264 0.22171729 0.16000017 0.008313099
 [62,] 0.12973566 0.22070117 0.15750663 0.008153395
 [63,] 0.12878042 0.21907853 0.15633218 0.008037206
 [64,] 0.12794214 0.21765275 0.15476355 0.007942903
 [65,] 0.12836018 0.21835792 0.15478676 0.007821290
 [66,] 0.12786321 0.21751302 0.15403326 0.007774632
 [67,] 0.12714992 0.21630354 0.15326969 0.007704834
 [68,] 0.12688241 0.21584784 0.15126771 0.007572416
 [69,] 0.12562769 0.20829459 0.14664676 0.007544078
 [70,] 0.12480222 0.20692608 0.14504523 0.007447969
 [71,] 0.12405897 0.20569641 0.14422651 0.007370293
 [72,] 0.12332760 0.20448399 0.14291118 0.007291523
 [73,] 0.10985688 0.19545029 0.14196205 0.007297638
 [74,] 0.11008784 0.19585974 0.14189124 0.007198647
 [75,] 0.11150772 0.19838653 0.14449771 0.007336241
 [76,] 0.11084465 0.19720674 0.14275142 0.007229252
 [77,] 0.11178332 0.19887478 0.14349526 0.007158657
 [78,] 0.11157739 0.19105283 0.13765199 0.007007783
 [79,] 0.11180414 0.19144060 0.13634445 0.006914497
 [80,] 0.11119168 0.19039157 0.13548430 0.006817738
 [81,] 0.11065745 0.18947698 0.13452268 0.006759935
 [82,] 0.11001164 0.18837178 0.13369430 0.006678003
 [83,] 0.10952119 0.18753216 0.13283798 0.006626353
 [84,] 0.10894954 0.18655344 0.13177197 0.006562864
 [85,] 0.10855793 0.18588545 0.13139096 0.006526246
 [86,] 0.10822165 0.17924014 0.12646944 0.006402530
 [87,] 0.10821141 0.17922278 0.12527083 0.006321086
 [88,] 0.10789268 0.17869300 0.12473509 0.006238373
 [89,] 0.10750127 0.17804496 0.12410675 0.006200216
 [90,] 0.10841247 0.17954771 0.12482540 0.006155608
 [91,] 0.10954626 0.18142481 0.12457229 0.006116169
 [92,] 0.10909091 0.18067018 0.12394426 0.006040873
 [93,] 0.10859270 0.17984517 0.12309320 0.005990362
 [94,] 0.10756463 0.17400392 0.11919277 0.005918727
 [95,] 0.10752958 0.17394754 0.11920979 0.005916573
 [96,] 0.10703511 0.17314818 0.11858488 0.005847956
 [97,] 0.09721106 0.16616788 0.11769355 0.005815243
 [98,] 0.09715968 0.16607986 0.11668552 0.005748331
 [99,] 0.09683958 0.16553166 0.11618506 0.005681531
[100,] 0.09659810 0.16511903 0.11581274 0.005657733
[101,] 0.09614403 0.16434329 0.11522329 0.005598931
[102,] 0.09585525 0.16384955 0.11417200 0.005533573
[103,] 0.09530004 0.15861611 0.11047579 0.005449531
[104,] 0.09485963 0.15788312 0.10959379 0.005397315
[105,] 0.09634279 0.16034619 0.11099221 0.005395191
[106,] 0.09594071 0.15967694 0.11001020 0.005336479
[107,] 0.09630948 0.16029828 0.11059034 0.005368756
[108,] 0.09622248 0.16015330 0.10972114 0.005312002
[109,] 0.09592798 0.15966225 0.10929272 0.005256424
[110,] 0.09556008 0.15904998 0.10866390 0.005219146
[111,] 0.09601750 0.15787637 0.10840287 0.005313536
[112,] 0.09560854 0.15720398 0.10762878 0.005267874
[113,] 0.09661285 0.15884919 0.10850908 0.005251315
[114,] 0.09638551 0.15847552 0.10817575 0.005230459
[115,] 0.09610244 0.15800924 0.10777180 0.005178334
[116,] 0.09570423 0.15735452 0.10702173 0.005134395
[117,] 0.09587260 0.15762740 0.10705710 0.005093118
[118,] 0.09625461 0.15825525 0.10661102 0.005056001
[119,] 0.09638599 0.15654669 0.10584969 0.005115438
[120,] 0.09620727 0.15625630 0.10504970 0.005065227
[121,] 0.09604962 0.15599851 0.10477655 0.005018036
[122,] 0.09695079 0.15746243 0.10612417 0.005084112
[123,] 0.08960777 0.15196899 0.10600016 0.005025545
[124,] 0.08982547 0.15233517 0.10609880 0.004988331
[125,] 0.08958364 0.15192500 0.10529907 0.004940279
[126,] 0.09031281 0.15315580 0.10595384 0.004922323
[127,] 0.08998276 0.15259611 0.10534313 0.004887129
[128,] 0.08938066 0.14904777 0.10305431 0.004860107
[129,] 0.08928412 0.14889177 0.10301147 0.004853271
[130,] 0.08907846 0.14854874 0.10226466 0.004808059
[131,] 0.08915482 0.14867597 0.10169100 0.004769139
[132,] 0.08926080 0.14885870 0.10190691 0.004779267
[133,] 0.08901210 0.14844399 0.10150696 0.004755545
[134,] 0.09048683 0.15089577 0.10294875 0.004769577
[135,] 0.09036683 0.15069572 0.10280475 0.004759204
[136,] 0.08980132 0.14703341 0.10028098 0.004711276
[137,] 0.08982272 0.14706580 0.10019736 0.004675483
[138,] 0.09045443 0.14810025 0.10118984 0.004722238
[139,] 0.09014287 0.14759300 0.10084118 0.004692006
[140,] 0.09004026 0.14742508 0.10072347 0.004683256
[141,] 0.08982755 0.14707675 0.10005355 0.004643253
[142,] 0.08965526 0.14679971 0.09990573 0.004630116
[143,] 0.08911755 0.14371912 0.09785232 0.004600752
[144,] 0.08887180 0.14332283 0.09745818 0.004577771
[145,] 0.08904132 0.14359283 0.09752743 0.004548813
[146,] 0.08874815 0.14312004 0.09692735 0.004514274
[147,] 0.08856152 0.14282341 0.09675943 0.004499748
[148,] 0.08827503 0.14236140 0.09624713 0.004470395
[149,] 0.08233890 0.13793314 0.09582488 0.004432526
[150,] 0.08250324 0.13820838 0.09543381 0.004404059
[151,] 0.08287231 0.13882343 0.09572645 0.004384021
[152,] 0.08318866 0.13810819 0.09559017 0.004446077
[153,] 0.08292365 0.13766822 0.09504414 0.004414847
[154,] 0.08324701 0.13820141 0.09528885 0.004393946
[155,] 0.08316831 0.13807071 0.09474747 0.004360454
[156,] 0.08362190 0.13883084 0.09537623 0.004395707
[157,] 0.08337987 0.13842902 0.09480854 0.004362953
[158,] 0.08312764 0.13801026 0.09434463 0.004336511
[159,] 0.08292208 0.13766891 0.09406767 0.004305304
[160,] 0.08250312 0.13518893 0.09245867 0.004288715
[161,] 0.08298185 0.13597329 0.09235367 0.004273174
[162,] 0.08284760 0.13575246 0.09214566 0.004242992
[163,] 0.08268585 0.13548746 0.09190426 0.004228415
[164,] 0.08254541 0.13525656 0.09169291 0.004198988
[165,] 0.08261677 0.13537354 0.09184507 0.004204181
[166,] 0.08244699 0.13509491 0.09160918 0.004175257
[167,] 0.08222135 0.13472520 0.09122217 0.004153180
[168,] 0.08184979 0.13250776 0.08978939 0.004141011
[169,] 0.08191806 0.13261822 0.08940948 0.004115319
[170,] 0.08262276 0.13375443 0.09004123 0.004111839
[171,] 0.08249772 0.13355198 0.08955736 0.004082853
[172,] 0.07893571 0.13136155 0.08939081 0.004096440
[173,] 0.07910494 0.13164733 0.08965382 0.004110309
[174,] 0.07888513 0.13128152 0.08924203 0.004086827
[175,] 0.07867946 0.13094117 0.08901610 0.004067837
[176,] 0.07864203 0.13087891 0.08899091 0.004064334
[177,] 0.07881073 0.12876249 0.08734085 0.004030950
[178,] 0.07943350 0.12977746 0.08790620 0.004026767
[179,] 0.07953465 0.12994277 0.08809875 0.004034141
[180,] 0.07956579 0.12999370 0.08818461 0.004036334
[181,] 0.07980307 0.13038544 0.08852320 0.004054964
[182,] 0.07963224 0.13010635 0.08825453 0.004039303
[183,] 0.07965314 0.13014371 0.08832911 0.004042042
[184,] 0.07958744 0.12889714 0.08765186 0.004061166
[185,] 0.07953028 0.12880460 0.08759231 0.004056293
[186,] 0.07950972 0.12877073 0.08750637 0.004032720
[187,] 0.07948000 0.12872265 0.08749322 0.004030192
[188,] 0.07928402 0.12840523 0.08706110 0.004005371
[189,] 0.07952667 0.12880199 0.08740076 0.004024323
[190,] 0.07968417 0.12905715 0.08767800 0.004036340
[191,] 0.07932738 0.12698887 0.08626709 0.004014849
[192,] 0.08028262 0.12852324 0.08742997 0.004080852
[193,] 0.08010430 0.12823776 0.08699684 0.004055560
[194,] 0.08034199 0.12861680 0.08716458 0.004039622
[195,] 0.08053191 0.12892076 0.08692722 0.004020817
[196,] 0.08033270 0.12860186 0.08657329 0.004000644
[197,] 0.08104130 0.12973360 0.08721281 0.004000857
[198,] 0.07771793 0.12724244 0.08726230 0.003978983
[199,] 0.07753301 0.12693968 0.08693366 0.003960381
[200,] 0.07808580 0.12784827 0.08765002 0.004001013
[201,] 0.07775487 0.12575265 0.08617983 0.003974414
[202,] 0.07781801 0.12585473 0.08586782 0.003953239
[203,] 0.07800021 0.12615213 0.08613350 0.003968242
[204,] 0.07797627 0.12611338 0.08577234 0.003945372
[205,] 0.07801406 0.12617443 0.08574962 0.003925357
[206,] 0.07795876 0.12608497 0.08537847 0.003902417
[207,] 0.07779567 0.12582224 0.08517493 0.003880965
[208,] 0.07761250 0.12552598 0.08481656 0.003860618
[209,] 0.07758068 0.12365065 0.08337643 0.003829647
[210,] 0.07746882 0.12347493 0.08327834 0.003821419
[211,] 0.07746979 0.12347650 0.08331338 0.003821610
[212,] 0.07762272 0.12372021 0.08309194 0.003804688
[213,] 0.07762862 0.12372951 0.08304388 0.003785518
[214,] 0.07749397 0.12351491 0.08284586 0.003773941
[215,] 0.07746905 0.12347812 0.08285443 0.003773187
[216,] 0.07468055 0.12180023 0.08273922 0.003785663
[217,] 0.07459806 0.12166571 0.08263311 0.003778747
[218,] 0.07480278 0.12125634 0.08255142 0.003816999
[219,] 0.07488685 0.12139431 0.08269255 0.003824600
[220,] 0.07487899 0.12138155 0.08237655 0.003804303
[221,] 0.07471322 0.12111283 0.08204578 0.003785389
[222,] 0.07466539 0.12103677 0.08202354 0.003782469
[223,] 0.07502804 0.12162460 0.08198705 0.003773440
[224,] 0.07502935 0.12162825 0.08202553 0.003774617
[225,] 0.07504256 0.12164965 0.08173515 0.003755546
[226,] 0.07494383 0.11989511 0.08042469 0.003727186
[227,] 0.07478899 0.11964831 0.08024168 0.003708886
[228,] 0.07523372 0.12035985 0.08090194 0.003740081
[229,] 0.07528015 0.12043462 0.08089648 0.003723361
[230,] 0.07691620 0.12305210 0.08307916 0.003827638
[231,] 0.07691325 0.12304741 0.08311231 0.003827991
[232,] 0.07676602 0.12281301 0.08296041 0.003815381
[233,] 0.07660298 0.12106957 0.08166119 0.003787056
[234,] 0.07677628 0.12134342 0.08148078 0.003772396
[235,] 0.07680835 0.12139555 0.08155516 0.003776159
[236,] 0.07707853 0.12182251 0.08144801 0.003764490
[237,] 0.07732374 0.12220989 0.08163402 0.003753386
[238,] 0.07716735 0.12196271 0.08136766 0.003738210
[239,] 0.07702987 0.12174641 0.08120078 0.003720153
[240,] 0.07420503 0.11964546 0.08096822 0.003706467
[241,] 0.07453027 0.12016981 0.08091825 0.003697366
[242,] 0.07438548 0.11993798 0.08076436 0.003684578
[243,] 0.07423649 0.11969775 0.08046520 0.003667507
[244,] 0.07477202 0.12009625 0.08096228 0.003728969
[245,] 0.07471628 0.12000672 0.08065609 0.003710166
[246,] 0.07505824 0.12055841 0.08109107 0.003735785
[247,] 0.07521888 0.12081645 0.08137001 0.003748432
[248,] 0.07516141 0.12072509 0.08126941 0.003730690
[249,] 0.07503604 0.12052372 0.08107661 0.003719527
[250,] 0.07478438 0.11905803 0.08008895 0.003705953

SESEq[251:500,]
             [,1]       [,2]       [,3]        [,4]
  [1,] 0.07471791 0.11895311 0.07998210 0.003688548
  [2,] 0.07465833 0.11885827 0.07991697 0.003684044
  [3,] 0.07455395 0.11869211 0.07976882 0.003675286
  [4,] 0.07447503 0.11856817 0.07970423 0.003669894
  [5,] 0.07442459 0.11848784 0.07941732 0.003652186
  [6,] 0.07442835 0.11849565 0.07945336 0.003653757
  [7,] 0.07475321 0.11901282 0.07942224 0.003645904
  [8,] 0.07458582 0.11789209 0.07871820 0.003645216
  [9,] 0.07491120 0.11840673 0.07898906 0.003638684
 [10,] 0.07511767 0.11873305 0.07886713 0.003627257
 [11,] 0.07526927 0.11897465 0.07907315 0.003639508
 [12,] 0.07513071 0.11875563 0.07879568 0.003623584
 [13,] 0.07551412 0.11936163 0.07881212 0.003617902
 [14,] 0.07327743 0.11813905 0.07879558 0.003636354
 [15,] 0.07328232 0.11814759 0.07883216 0.003637934
 [16,] 0.07317683 0.11797752 0.07867776 0.003628817
 [17,] 0.07313434 0.11790970 0.07865622 0.003626513
 [18,] 0.07309656 0.11647319 0.07756513 0.003601941
 [19,] 0.07301187 0.11633825 0.07745231 0.003595030
 [20,] 0.07305155 0.11640205 0.07752894 0.003599259
 [21,] 0.07309169 0.11646599 0.07730910 0.003584285
 [22,] 0.07315533 0.11656792 0.07741326 0.003590299
 [23,] 0.07312367 0.11651746 0.07715686 0.003574128
 [24,] 0.07364348 0.11734570 0.07730039 0.003574140
 [25,] 0.07405051 0.11799455 0.07779237 0.003603216
 [26,] 0.07395107 0.11783608 0.07751790 0.003586885
 [27,] 0.07382172 0.11763077 0.07738227 0.003575204
 [28,] 0.07366657 0.11618347 0.07633556 0.003552586
 [29,] 0.07354782 0.11599617 0.07607257 0.003537209
 [30,] 0.07343007 0.11581118 0.07595585 0.003527434
 [31,] 0.07330123 0.11560799 0.07571988 0.003513813
 [32,] 0.07319855 0.11544671 0.07562340 0.003505906
 [33,] 0.07307191 0.11524697 0.07540641 0.003493396
 [34,] 0.07298700 0.11511307 0.07529571 0.003486660
 [35,] 0.07289145 0.11496301 0.07520800 0.003479491
 [36,] 0.07271159 0.11387620 0.07451116 0.003474516
 [37,] 0.07259902 0.11369990 0.07426150 0.003459877
 [38,] 0.07368036 0.11539332 0.07546216 0.003528080
 [39,] 0.07366760 0.11537331 0.07523397 0.003513311
 [40,] 0.07133469 0.11367182 0.07504195 0.003505002
 [41,] 0.07122114 0.11349160 0.07492568 0.003495141
 [42,] 0.07111183 0.11331740 0.07467927 0.003480664
 [43,] 0.07100527 0.11314825 0.07457298 0.003471819
 [44,] 0.07103300 0.11319245 0.07464557 0.003474523
 [45,] 0.07083471 0.11203214 0.07388004 0.003464701
 [46,] 0.07077625 0.11193965 0.07364189 0.003450027
 [47,] 0.07069509 0.11181183 0.07356951 0.003444021
 [48,] 0.07084026 0.11204144 0.07380785 0.003455165
 [49,] 0.07073424 0.11187439 0.07370202 0.003446272
 [50,] 0.07064144 0.11172762 0.07356885 0.003438391
 [51,] 0.07055570 0.11159303 0.07345933 0.003424791
 [52,] 0.07052131 0.11039448 0.07254959 0.003404015
 [53,] 0.07069197 0.11066160 0.07245460 0.003394863
 [54,] 0.07057766 0.11048344 0.07232942 0.003382873
 [55,] 0.07056280 0.11046020 0.07233306 0.003382167
 [56,] 0.07053839 0.11042196 0.07212142 0.003368673
 [57,] 0.07049329 0.11035175 0.07209285 0.003366031
 [58,] 0.07049091 0.11034803 0.07211599 0.003366340
 [59,] 0.07039907 0.11020517 0.07200497 0.003353466
 [60,] 0.07043249 0.10974606 0.07178217 0.003369087
 [61,] 0.07032176 0.10957352 0.07157296 0.003356916
 [62,] 0.07054491 0.10992267 0.07174700 0.003350737
 [63,] 0.06859691 0.10849426 0.07189437 0.003337946
 [64,] 0.06850104 0.10834263 0.07167269 0.003324969
 [65,] 0.06840950 0.10819836 0.07158320 0.003317597
 [66,] 0.06844694 0.10825758 0.07141241 0.003305826
 [67,] 0.06853221 0.10839397 0.07146058 0.003296097
 [68,] 0.06843458 0.10823955 0.07124564 0.003283583
 [69,] 0.06854945 0.10725869 0.07045243 0.003266060
 [70,] 0.06847241 0.10713930 0.07035534 0.003253890
 [71,] 0.06839631 0.10702206 0.07014722 0.003241082
 [72,] 0.06829661 0.10686606 0.06998851 0.003231949
 [73,] 0.06819269 0.10670445 0.06988129 0.003222684
 [74,] 0.06816492 0.10666102 0.06986251 0.003220879
 [75,] 0.06816807 0.10666673 0.06988731 0.003222046
 [76,] 0.06806518 0.10650574 0.06969689 0.003211092
 [77,] 0.06814666 0.10663394 0.06980970 0.003217865
 [78,] 0.06802469 0.10582830 0.06930348 0.003217010
 [79,] 0.06803609 0.10584255 0.06934544 0.003218145
 [80,] 0.06835233 0.10633505 0.06971404 0.003240102
 [81,] 0.06825607 0.10618528 0.06951422 0.003228464
 [82,] 0.06815552 0.10602887 0.06934594 0.003218781
 [83,] 0.06809397 0.10593392 0.06929488 0.003214646
 [84,] 0.06616864 0.10450100 0.06915072 0.003205177
 [85,] 0.06608868 0.10437470 0.06894972 0.003193311
 [86,] 0.06599942 0.10367399 0.06852511 0.003195702
 [87,] 0.06590517 0.10352676 0.06841858 0.003185149
 [88,] 0.06594228 0.10358500 0.06826784 0.003174686
 [89,] 0.06588107 0.10348993 0.06818585 0.003163463
 [90,] 0.06578534 0.10333955 0.06801615 0.003153693
 [91,] 0.06571045 0.10322289 0.06792363 0.003142720
 [92,] 0.06570411 0.10321298 0.06793603 0.003142573
 [93,] 0.06571077 0.10322350 0.06796859 0.003143462
 [94,] 0.06556245 0.10222005 0.06725916 0.003129723
 [95,] 0.06560724 0.10228976 0.06732942 0.003133794
 [96,] 0.06574668 0.10250707 0.06725383 0.003126469
 [97,] 0.06565221 0.10236041 0.06715354 0.003117372
 [98,] 0.06558559 0.10225652 0.06696537 0.003106126
 [99,] 0.06560204 0.10228271 0.06700269 0.003108165
[100,] 0.06554585 0.10219514 0.06693261 0.003103826
[101,] 0.06545342 0.10205188 0.06683694 0.003095503
[102,] 0.06532084 0.10125962 0.06632131 0.003091310
[103,] 0.06528072 0.10119961 0.06615047 0.003080346
[104,] 0.06520667 0.10108357 0.06604826 0.003074099
[105,] 0.06512810 0.10096276 0.06595695 0.003063980
[106,] 0.06508736 0.10090171 0.06578925 0.003053244
[107,] 0.06346151 0.09970398 0.06587820 0.003042563
[108,] 0.06354627 0.09983866 0.06593313 0.003035107
[109,] 0.06359590 0.09991675 0.06602716 0.003039098
[110,] 0.06345724 0.09910399 0.06548674 0.003032934
[111,] 0.06382115 0.09967226 0.06590674 0.003057526
[112,] 0.06373911 0.09954411 0.06573328 0.003047460
[113,] 0.06382680 0.09968133 0.06585003 0.003054525
[114,] 0.06374027 0.09954620 0.06569878 0.003045838
[115,] 0.06392405 0.09983483 0.06584798 0.003041450
[116,] 0.06396617 0.09990073 0.06593092 0.003044945
[117,] 0.06380753 0.09896208 0.06532639 0.003031196
[118,] 0.06420551 0.09958581 0.06547468 0.003033299
[119,] 0.06421477 0.09960058 0.06550259 0.003034772
[120,] 0.06413204 0.09947174 0.06537298 0.003027074
[121,] 0.06404562 0.09933852 0.06528241 0.003019010
[122,] 0.06396042 0.09920637 0.06512973 0.003010249
[123,] 0.06403884 0.09932938 0.06517824 0.003003018
[124,] 0.06398608 0.09924747 0.06500925 0.002992870
[125,] 0.06386699 0.09834269 0.06441536 0.002978700
[126,] 0.06397095 0.09850299 0.06454670 0.002986651
[127,] 0.06389225 0.09838116 0.06442803 0.002979583
[128,] 0.06380911 0.09825398 0.06433833 0.002971032
[129,] 0.06398060 0.09851351 0.06459128 0.002982874
[130,] 0.06389719 0.09838511 0.06444858 0.002974433
[131,] 0.06382623 0.09827646 0.06438152 0.002968992
[132,] 0.06377701 0.09744124 0.06381422 0.002954861
[133,] 0.06215977 0.09623120 0.06372596 0.002945436
[134,] 0.06209306 0.09612691 0.06363162 0.002939733
[135,] 0.06201761 0.09601103 0.06354622 0.002931021
[136,] 0.06195623 0.09591718 0.06338961 0.002921484
[137,] 0.06191861 0.09586009 0.06333427 0.002912488
[138,] 0.06217424 0.09625623 0.06369825 0.002929779
[139,] 0.06219649 0.09629199 0.06369656 0.002921777
[140,] 0.06202960 0.09545730 0.06317194 0.002911513
[141,] 0.06195623 0.09534502 0.06302142 0.002902545
[142,] 0.06190046 0.09525972 0.06297174 0.002898561
[143,] 0.06212881 0.09561585 0.06299933 0.002895951
[144,] 0.06204987 0.09549510 0.06291683 0.002888630
[145,] 0.06205862 0.09550608 0.06294922 0.002889502
[146,] 0.06211743 0.09481001 0.06245242 0.002877319
[147,] 0.06209624 0.09477877 0.06241257 0.002868842
[148,] 0.06204534 0.09470243 0.06226349 0.002859670
[149,] 0.06219092 0.09492850 0.06223070 0.002854699
[150,] 0.06217151 0.09489996 0.06219279 0.002846353
[151,] 0.06219050 0.09492644 0.06223931 0.002847941
[152,] 0.06211496 0.09481180 0.06216366 0.002841519
[153,] 0.06203891 0.09469557 0.06203913 0.002834209
[154,] 0.06191706 0.09409499 0.06170392 0.002833621
[155,] 0.06207040 0.09432943 0.06182340 0.002829657
[156,] 0.06199462 0.09421428 0.06169536 0.002822143
[157,] 0.06192391 0.09410740 0.06162686 0.002816494
[158,] 0.06043814 0.09304992 0.06151468 0.002811642
[159,] 0.06059138 0.09328204 0.06174282 0.002822167
[160,] 0.06094103 0.09382225 0.06205485 0.002824849
[161,] 0.06093218 0.09380837 0.06192071 0.002816407
[162,] 0.06078896 0.09313668 0.06152433 0.002812201
[163,] 0.06071662 0.09302606 0.06139259 0.002804467
[164,] 0.06065378 0.09293030 0.06133276 0.002799625
[165,] 0.06060111 0.09285072 0.06119175 0.002791068
[166,] 0.06053222 0.09274576 0.06112346 0.002785397
[167,] 0.06072554 0.09303793 0.06140062 0.002798284
[168,] 0.06081705 0.09317955 0.06146513 0.002792916
[169,] 0.06068252 0.09240963 0.06096637 0.002782227
[170,] 0.06061478 0.09230602 0.06086350 0.002776175
[171,] 0.06057245 0.09224253 0.06080766 0.002768256
[172,] 0.06050249 0.09213627 0.06067835 0.002760672
[173,] 0.06043379 0.09203222 0.06061013 0.002754985
[174,] 0.06044574 0.09204826 0.06064521 0.002756033
[175,] 0.06034873 0.09153351 0.06036408 0.002757053
[176,] 0.06027961 0.09142846 0.06025381 0.002750602
[177,] 0.06022619 0.09134830 0.06018979 0.002742900
[178,] 0.06023382 0.09135785 0.06021793 0.002743632
[179,] 0.06017463 0.09126889 0.06014976 0.002736093
[180,] 0.06025606 0.09139527 0.06008570 0.002730297
[181,] 0.06018704 0.09129127 0.06001236 0.002723436
[182,] 0.06012714 0.09119974 0.05992830 0.002718438
[183,] 0.06000336 0.09061368 0.05958560 0.002715787
[184,] 0.06016029 0.09084730 0.05981040 0.002726190
[185,] 0.06009596 0.09075090 0.05973966 0.002719013
[186,] 0.06004269 0.09067135 0.05960901 0.002711161
[187,] 0.05898666 0.08988735 0.05961698 0.002705061
[188,] 0.05896059 0.08984874 0.05957617 0.002697729
[189,] 0.05889854 0.08975409 0.05944606 0.002690328
[190,] 0.05885334 0.08938057 0.05926539 0.002695693
[191,] 0.05882391 0.08933617 0.05924456 0.002693940
[192,] 0.05876067 0.08923976 0.05914683 0.002688226
[193,] 0.05877927 0.08926928 0.05914623 0.002681794
[194,] 0.05898937 0.08958761 0.05917468 0.002680146
[195,] 0.05893855 0.08951119 0.05912860 0.002676541
[196,] 0.05894899 0.08952901 0.05902589 0.002669510
[197,] 0.05883299 0.08884009 0.05857437 0.002659847
[198,] 0.05881022 0.08880682 0.05853799 0.002652879
[199,] 0.05878477 0.08876977 0.05841908 0.002645411
[200,] 0.05872673 0.08868288 0.05836409 0.002641011
[201,] 0.05867005 0.08859670 0.05828374 0.002636255
[202,] 0.05863730 0.08854606 0.05824864 0.002633851
[203,] 0.05857657 0.08845513 0.05818984 0.002629066
[204,] 0.05848484 0.08797931 0.05792352 0.002629297
[205,] 0.05842992 0.08789609 0.05784660 0.002624734
[206,] 0.05844299 0.08791628 0.05787250 0.002626166
[207,] 0.05838135 0.08782329 0.05777712 0.002620603
[208,] 0.05831723 0.08772767 0.05771097 0.002614652
[209,] 0.05729911 0.08697298 0.05766745 0.002609089
[210,] 0.05728794 0.08695755 0.05755936 0.002602100
[211,] 0.05722550 0.08686364 0.05749548 0.002596599
[212,] 0.05740261 0.08712924 0.05774499 0.002608104
[213,] 0.05727972 0.08649644 0.05733837 0.002600381
[214,] 0.05723535 0.08643053 0.05728486 0.002593694
[215,] 0.05718742 0.08635742 0.05722035 0.002589807
[216,] 0.05715137 0.08630402 0.05710479 0.002582742
[217,] 0.05709096 0.08621360 0.05704434 0.002577662
[218,] 0.05708479 0.08620280 0.05704958 0.002577326
[219,] 0.05696285 0.08561773 0.05668295 0.002571494
[220,] 0.05697059 0.08563059 0.05667502 0.002565557
[221,] 0.05691344 0.08554505 0.05656363 0.002559045
[222,] 0.05687453 0.08548719 0.05653062 0.002556459
[223,] 0.05681549 0.08539862 0.05642438 0.002550282
[224,] 0.05676492 0.08532359 0.05636714 0.002543963
[225,] 0.05675707 0.08531321 0.05626659 0.002537424
[226,] 0.05663888 0.08472418 0.05589075 0.002530673
[227,] 0.05658864 0.08464998 0.05583429 0.002524445
[228,] 0.05654632 0.08458592 0.05578006 0.002521124
[229,] 0.05648807 0.08449891 0.05567774 0.002515187
[230,] 0.05643177 0.08441557 0.05561758 0.002509283
[231,] 0.05552973 0.08384347 0.05555868 0.002510259
[232,] 0.05549022 0.08378463 0.05544918 0.002503654
[233,] 0.05543841 0.08370711 0.05539946 0.002499657
[234,] 0.05532427 0.08315376 0.05505206 0.002494084
[235,] 0.05536695 0.08321977 0.05498484 0.002488857
[236,] 0.05537322 0.08323050 0.05497696 0.002483319
[237,] 0.05548514 0.08340114 0.05495790 0.002479996
[238,] 0.05562368 0.08360943 0.05511486 0.002489139
[239,] 0.05557006 0.08352915 0.05501044 0.002483034
[240,] 0.05554150 0.08348676 0.05498859 0.002481282
[241,] 0.05609977 0.08432128 0.05567592 0.002513469
[242,] 0.05608838 0.08377305 0.05528734 0.002504347
[243,] 0.05603392 0.08369263 0.05522916 0.002498610
[244,] 0.05598239 0.08361528 0.05515415 0.002494214
[245,] 0.05601315 0.08366257 0.05516823 0.002489265
[246,] 0.05596306 0.08358821 0.05506276 0.002483063
[247,] 0.05591757 0.08352086 0.05495691 0.002476781
[248,] 0.05588631 0.08347526 0.05491674 0.002470850
[249,] 0.05580778 0.08306472 0.05468339 0.002470884
[250,] 0.05586675 0.08315441 0.05462902 0.002466237
#####################################################
quantile(norm.sum.crit.ds)
      0%      25%      50%      75%     100% 
1.141650 6.443241 7.011144 7.394907 8.093663 
> per0.5 <- quantile(norm.sum.crit.ds)[3]-quantile(norm.sum.crit.ds)[1]
> per0.5 / (max(norm.sum.crit.ds)-min(norm.sum.crit.ds))
     50% 
0.844287 

which(norm.sum.crit.ds >= 3*norm.sum.crit.ds[1])[1]
[1] 23
> length(which(norm.sum.crit.ds >= 3*norm.sum.crit.ds[1]))
[1] 467


which(SESEq[,1] <= SIGE)[1]
[1] 42
> which(SESEq[,2] <= SIGE)[1]
[1] 123
> which(SESEq[,3] <= SIGE)[1]
[1] 68
> 