design.optF
        V1 V2 counter counter2
X        0  0       1    0.002
X.1      0 30       1    0.002
X.2      0 60       1    0.002
X.3     15  0       1    0.002
X.4     15 30       1    0.002
X.5     15 60       1    0.002
X.6     30  0      30    0.060
X.7     30 30       1    0.002
X.8     30 60       1    0.002
xnew     7  7       1    0.002
xnew.1   5  8       3    0.006
xnew.2   4  0       2    0.004
xnew.3  30 14       1    0.002
xnew.4   6  8       1    0.002
xnew.5  30 15       1    0.002
xnew.6   5  9       9    0.018
xnew.7  30 17       3    0.006
xnew.8   6 10      25    0.050
xnew.9   3  0      28    0.056
xnew.10 30 18       6    0.012
xnew.11 30 19      10    0.020
xnew.12  6  9       4    0.008
xnew.13  6 11     232    0.464
xnew.14 30 20      66    0.132
xnew.15 30 21      75    0.150
xnew.16  5 10       4    0.008



max.sen.crit.t
  [1] 0.4049644 0.4455676 0.6912036 0.4390282 0.4722742 0.3636740 0.3928797 0.3853189 0.3205324 0.3749489 0.3218105 0.3445631 0.3059400 0.3501538
 [15] 0.3337138 0.3162473 0.3342904 0.3146354 0.3398400 0.3263826 0.3492052 0.3223283 0.3305923 0.3359302 0.3116478 0.3366775 0.3133078 0.3073788
 [29] 0.3156333 0.3218162 0.3076141 0.2909680 0.3070075 0.2891363 0.3067177 0.2966203 0.3059988 0.2917274 0.2916793 0.2953648 0.2829971 0.2953587
 [43] 0.2830052 0.2825796 0.2793061 0.2669953 0.2802620 0.2753158 0.2893086 0.2820213 0.2809483 0.2869590 0.2835585 0.2751352 0.2784647 0.2773712
 [57] 0.2680501 0.2753881 0.2684531 0.2765064 0.2701022 0.2652031 0.2717176 0.2715867 0.2766316 0.2722913 0.2809099 0.2730123 0.2777826 0.2750143
 [71] 0.2833463 0.2767499 0.2817968 0.2774807 0.2775505 0.2805308 0.2750446 0.2840814 0.2791061 0.2847303 0.2823493 0.2878385 0.2820205 0.2809272
 [85] 0.2850448 0.2803050 0.2840538 0.2806150 0.2872013 0.2835166 0.2919386 0.2859178 0.2884316 0.2866440 0.2847865 0.2877679 0.2961385 0.2887489
 [99] 0.2897562 0.2885373 0.2833064 0.2897576 0.2852647 0.2865289 0.2924995 0.2882666 0.2820192 0.2818996 0.2815754 0.2776029 0.2847377 0.2848386
[113] 0.2901906 0.2861519 0.2880457 0.2869295 0.2846323 0.2900554 0.2844107 0.2842027 0.2836219 0.2815813 0.2863196 0.2828029 0.2874000 0.2891482
[127] 0.2891325 0.2860197 0.2891057 0.2894077 0.2905951 0.2856453 0.2904396 0.2852914 0.2888708 0.2869192 0.2883815 0.2855230 0.2886881 0.2849033
[141] 0.2836869 0.2858663 0.2838241 0.2883004 0.2868428 0.2896095 0.2854867 0.2871678 0.2862977 0.2903151 0.2872508 0.2881044 0.2866007 0.2860955
[155] 0.2887248 0.2842675 0.2856578 0.2843897 0.2836215 0.2839256 0.2842110 0.2828422 0.2886892 0.2858196 0.2867098 0.2863992 0.2833133 0.2865918
[169] 0.2844535 0.2861421 0.2865757 0.2847094 0.2887760 0.2856500 0.2862999 0.2850506 0.2869108 0.2900418 0.2890453 0.2901012 0.2863276 0.2879804
[183] 0.2878926 0.2865335 0.2880803 0.2910267 0.2880957 0.2872300 0.2896104 0.2873405 0.2899543 0.2897897 0.2881777 0.2887420 0.2855513 0.2896056
[197] 0.2892842 0.2918453 0.2891929 0.2885239 0.2883648 0.2916477 0.2866287 0.2847296 0.2856885 0.2826820 0.2842275 0.2832251 0.2827657 0.2846146
[211] 0.2824586 0.2835921 0.2838730 0.2858667 0.2829244 0.2842216 0.2832020 0.2839600 0.2815426 0.2802675 0.2815218 0.2787476 0.2788884 0.2791739
[225] 0.2764801 0.2783055 0.2760600 0.2781418 0.2763790 0.2818121 0.2801397 0.2806701 0.2796895 0.2768606 0.2802597 0.2790599 0.2809655 0.2799809
[239] 0.2811069 0.2788729 0.2790311 0.2786992 0.2770444 0.2806369 0.2781467 0.2774815 0.2796271 0.2805466 0.2788874 0.2814850 0.2812482 0.2815411
[253] 0.2796589 0.2811245 0.2802117 0.2788020 0.2812875 0.2789316 0.2810125 0.2809824 0.2793621 0.2803646 0.2800371 0.2789566 0.2766638 0.2785378
[267] 0.2769298 0.2804426 0.2787313 0.2788240 0.2793230 0.2769233 0.2784993 0.2783290 0.2764889 0.2781481 0.2785352 0.2787538 0.2783074 0.2791545
[281] 0.2772783 0.2785624 0.2773134 0.2770036 0.2781181 0.2761302 0.2792885 0.2795460 0.2771924 0.2768889 0.2750037 0.2772050 0.2752676 0.2760000
[295] 0.2760151 0.2740053 0.2757199 0.2731550 0.2730984 0.2730006 0.2764630 0.2753325 0.2740353 0.2749002 0.2758706 0.2759900 0.2741036 0.2753944
[309] 0.2738292 0.2734610 0.2737189 0.2728079 0.2752985 0.2735348 0.2734101 0.2742950 0.2730698 0.2751024 0.2767643 0.2769940 0.2751961 0.2768857
[323] 0.2756153 0.2758245 0.2767082 0.2750759 0.2770141 0.2753742 0.2756461 0.2734166 0.2740074 0.2735343 0.2720709 0.2735927 0.2719196 0.2721290
[337] 0.2725952 0.2736723 0.2730999 0.2738646 0.2724699 0.2747407 0.2724689 0.2730222 0.2735487 0.2716008 0.2730899 0.2720863 0.2712689 0.2716562
[351] 0.2701329 0.2711517 0.2706432 0.2718721 0.2718589 0.2729387 0.2712232 0.2721497 0.2710845 0.2715243 0.2724075 0.2709884 0.2732907 0.2718955
[365] 0.2727824 0.2719794 0.2713373 0.2735565 0.2718311 0.2721405 0.2721703 0.2729004 0.2739417 0.2726006 0.2734790 0.2716701 0.2718412 0.2719375
[379] 0.2725530 0.2725468 0.2729377 0.2719451 0.2707659 0.2718214 0.2705265 0.2708406 0.2703318 0.2704075 0.2723473 0.2724502 0.2727792 0.2712980
[393] 0.2719039 0.2717327 0.2718712 0.2710866 0.2728154 0.2717433 0.2709978 0.2711732 0.2701814 0.2714768 0.2702983 0.2700313 0.2696528 0.2701973
[407] 0.2709089 0.2714789 0.2712125 0.2711215 0.2696393 0.2702908 0.2698622 0.2689419 0.2701882 0.2688804 0.2701700 0.2689395 0.2688470 0.2694191
[421] 0.2708305 0.2701439 0.2712885 0.2706421 0.2720196 0.2708423 0.2714183 0.2707030 0.2700649 0.2716009 0.2704132 0.2710624 0.2708153 0.2707905
[435] 0.2713505 0.2700518 0.2711189 0.2709474 0.2719501 0.2714798 0.2729535 0.2715043 0.2730960 0.2727866 0.2724043 0.2732879 0.2723019 0.2736839
[449] 0.2729784 0.2726624 0.2729281 0.2719309 0.2730186 0.2722506 0.2722482 0.2729682 0.2742271 0.2736586 0.2729785 0.2740279 0.2728665 0.2742878
[463] 0.2733020 0.2732635 0.2734837 0.2743510 0.2731801 0.2733285 0.2734902 0.2726108 0.2739498 0.2726910 0.2740033 0.2735428 0.2739136 0.2733810
[477] 0.2728946 0.2734248 0.2723181 0.2730721 0.2723042 0.2732757 0.2721383 0.2729170 0.2728335 0.2726465 0.2738367 0.2723659 0.2726433 0.2727596
[491] 0.2747787 0.2750555 0.2745283 0.2751487 0.2743344 0.2750473 0.2745885 0.2743915 0.2750514 0.2737016


sum.crit.t
  [1]   0.5907629   1.2351302   1.6385927   1.6402806   1.9732606   2.2292124   2.6371977   2.9514797   3.1576388   3.6592144   3.7097038
 [12]   3.8863956   4.1063712   4.5537660   4.9312665   5.2509409   5.5053411   5.8767781   6.0376404   6.3365380   6.7000521   6.9800862
 [23]   7.3381259   7.7452925   7.9540754   8.4279641   8.5596916   8.8956296   9.1605893   9.5791500   9.0385499   9.3520372   9.5730664
 [34]   9.8146603  10.1533402  10.3710168  10.4446671  10.7149933  10.9905087  11.3041083  11.6013357  11.8691455  12.0671938  12.3785287
 [45]  12.4336014  12.6254587  12.9883182  13.4196912  13.6759418  13.9314608  13.9899294  14.0351271  14.1855732  14.5135520  14.7861078
 [56]  15.0650934  15.2652606  15.4265145  15.8024050  16.2982683  16.4183589  16.6430835  16.9383236  17.2652049  17.5020338  17.8653428
 [67]  18.2041789  18.4134539  18.6121592  18.9562123  19.2775144  19.6121165  20.0323503  20.1869398  20.6662519  20.9193936  21.3251550
 [78]  21.7251652  22.0868952  22.3697743  22.6080310  22.8685022  23.0427950  23.3688151  23.7240707  24.1213571  24.3169153  24.5189618
 [89]  24.9670548  25.3902836  25.8271476  26.1327184  26.4644413  26.7103988  27.1071876  27.3531210  27.7375854  27.9068452  28.2245516
[100]  28.3868586  28.6540430  28.9673435  29.3372823  29.6330013  29.6752874  29.8413028  29.9632253  30.1610015  30.3765829  30.6935531
[111]  31.1343140  31.4352807  31.7674193  32.1279599  32.4532710  32.6914159  33.0808865  33.4940143  33.6150496  33.8249922  34.0012948
[122]  34.4792146  34.8142308  35.2191058  35.4487353  36.2006012  36.4275289  36.6655100  36.8348635  37.0488936  37.4299188  37.5827841
[133]  37.9257126  37.9107753  38.3790730  38.6884564  38.8360318  39.3034551  39.5679330  39.7255101  39.9540333  40.2961364  40.5520758
[144]  40.8190412  41.2305577  41.5000736  41.7127016  42.0178860  42.3030803  42.4623419  43.1372068  43.2029091  43.4606677  43.9000946
[155]  44.2510339  44.3599879  44.6219107  44.8576718  45.1865858  45.1989708  45.3142737  45.4967551  45.8487183  46.1221779  46.5294955
[166]  46.7282533  47.0416009  47.2636519  47.6477675  48.1441185  48.4807184  48.8882219  49.2957390  49.5920926  49.8502693  50.0037854
[177]  50.4469353  50.8218035  51.2424525  51.3785215  51.5058950  51.8457864  52.2317253  52.3725608  52.8587946  53.2513227  53.4011765
[188]  53.6678721  54.1020230  54.5381740  54.8036379  55.3445717  55.5919690  55.6837193  55.8202679  56.0614843  56.5867884  56.9750703
[199]  57.2885515  57.3135316  57.5576367  57.7225902  57.4255621  57.6114253  57.7445647  57.9382507  58.2620272  58.5242360  58.9429403
[210]  59.2793613  59.6772914  59.8119619  59.9516224  60.2196861  60.3960486  60.8121805  60.9827427  61.0669051  60.8660018  61.0434156
[221]  61.3101045  61.4937861  61.5798598  61.9615422  62.1270989  62.2608811  62.5630926  63.0642593  63.1894565  63.8578093  64.1649142
[232]  64.4050401  64.5586258  64.6737208  65.0791406  65.1712394  65.9469150  66.2506026  66.4694239  66.7492881  66.8287822  67.1203722
[243]  67.3908185  67.9315599  68.1221764  68.1880000  68.9159715  69.0830326  69.4160596  69.6220931  69.9918210  70.1544707  70.5044302
[254]  70.7073588  71.0625728  71.2233479  71.7033017  71.8988807  72.3950554  72.8450952  72.9549322  73.1028594  73.1639511  73.2406413
[265]  73.4004644  73.6000894  73.7816717  74.0998836  74.4581609  74.6032521  75.0033098  75.1360463  75.3187950  75.8550168  75.8889844
[276]  76.2082465  76.4684005  76.9708345  77.2206344  77.5230625  77.8037248  78.0288424  78.2730199  78.6253664  78.9508208  79.1826114
[287]  79.4320473  79.3934953  79.2453154  79.4609463  79.7012088  79.9947820  80.2257101  80.6387309  80.9127481  81.1096846  81.3149922
[298]  81.3831073  81.6142056  81.8108629  82.1438413  82.4759807  82.5705431  82.7860952  83.1792423  83.5440422  83.7226047  83.8570059
[309]  84.1785351  84.3093534  84.5758556  85.0500739  85.4729524  85.7150311  85.9395474  86.3358221  86.7667602  87.0569169  87.5572553
[320]  87.8216323  88.0392735  88.3484494  88.6282747  89.0124073  89.4051982  89.6776552  89.7895463  89.7959232  89.9202024  89.9485885
[331]  90.2025507  90.4424799  90.6345282  90.8985348  91.1285670  91.3213860  91.5505756  91.6932341  91.8832402  92.1133664  92.4386284
[342]  92.8348847  92.9613279  93.3015064  93.7166466  93.8114040  94.0795162  94.3974683  94.5365145  94.7124279  94.9662154  95.2071111
[353]  95.5492986  95.8820888  96.1270122  96.0881487  96.2087485  96.3048141  96.7321480  96.9926692  97.5377687  97.7896669  98.2313562
[364]  98.5195219  98.9968703  99.0989034  99.4671886 100.0106379 100.1503442 100.4543998 100.7248085 101.0040599 101.3364259 101.5431340
[375] 101.6644302 101.7503508 102.0622134 102.3115888 102.8056051 103.0306933 103.2510037 103.3236475 103.5385535 103.7402779 104.0367125
[386] 104.2606331 104.4368767 104.9632138 105.2713237 105.6025419 105.8879446 106.0883165 106.1311490 106.3091605 106.4325882 106.9458405
[397] 107.3170818 107.6440575 107.7194138 107.8784218 108.2921025 108.5406535 108.7859137 109.0091041 109.0585983 109.3385864 109.5274651
[408] 109.7748791 110.2653558 110.2362191 110.4009400 110.6614044 110.9289419 111.1507339 111.4718419 111.7108007 112.2209894 112.2979678
[419] 112.6645362 112.8912200 113.3340084 113.5971503 113.7976946 114.2065867 114.5379765 114.8327552 115.1622318 115.2882866 115.6049686
[430] 116.0443017 116.3282978 116.6511635 116.9428886 117.4398839 117.6729350 117.8945706 118.0376457 118.3252548 118.5736914 118.9482177
[441] 119.1291053 119.4398378 119.8480576 120.3579785 120.5706327 120.9606765 121.3329213 121.7041823 122.0577377 122.2880224 122.5016916
[452] 122.8644653 123.1046271 123.4271373 123.7507048 124.1514793 124.4525863 124.6788397 124.8695452 125.2379226 125.5011823 126.0202458
[463] 126.2195384 126.5561415 126.7536181 126.7543717 127.0075401 127.4008229 127.6369011 128.0353736 128.3188087 128.5164509 128.7843872
[474] 129.0446410 129.2128759 129.4248744 129.7447252 129.9364388 130.2058622 130.5048028 130.6892364 130.9018942 130.9970963 131.2992293
[485] 131.7175119 132.1149850 132.5835491 132.6323276 132.8829549 133.2337356 133.9096180 134.2830819 134.5827976 134.8043835 135.2282903
[496] 135.4685054 135.7796427 136.1338840 136.4521059 136.5549951


norm.sum.crit.t
  [1] 0.05907629 0.11228456 0.13654939 0.12617543 0.14094719 0.14861416 0.16482486 0.17361645 0.17542438 0.19259023 0.18548519 0.18506646 0.18665324
 [14] 0.19798983 0.20546944 0.21003764 0.21174389 0.21765845 0.21563001 0.21850131 0.22333507 0.22516407 0.22931643 0.23470583 0.23394339 0.24079898
 [27] 0.23776921 0.24042242 0.24106814 0.24561923 0.22596375 0.22809847 0.22793015 0.22824791 0.23075773 0.23046704 0.22705798 0.22797858 0.22896893
 [40] 0.23069609 0.23202671 0.23272834 0.23206142 0.23355715 0.23025188 0.22955379 0.23193425 0.23543318 0.23579210 0.23612645 0.23316549 0.23008405
 [53] 0.22879957 0.23037384 0.23103293 0.23177067 0.23129183 0.23024648 0.23238831 0.23620679 0.23454798 0.23440963 0.23525449 0.23650966 0.23651397
 [66] 0.23820457 0.23952867 0.23913576 0.23861743 0.23995205 0.24096893 0.24212489 0.24429696 0.24321614 0.24602681 0.24611051 0.24796692 0.24971454
 [79] 0.25098745 0.25134578 0.25120034 0.25130222 0.25046516 0.25127758 0.25238373 0.25390902 0.25330120 0.25277280 0.25476587 0.25646751 0.25827148
 [92] 0.25873979 0.25945531 0.25932426 0.26064603 0.26050591 0.26167533 0.26081164 0.26133844 0.26042990 0.26049130 0.26096706 0.26194002 0.26223895
[105] 0.26030954 0.25948959 0.25830367 0.25778634 0.25742867 0.25792902 0.25945262 0.25979571 0.26038868 0.26120293 0.26171993 0.26153133 0.26254672
[118] 0.26373240 0.26261758 0.26220924 0.26154842 0.26320011 0.26374417 0.26480531 0.26454280 0.26815260 0.26784948 0.26763146 0.26691930 0.26653880
[131] 0.26735656 0.26654457 0.26708248 0.26511032 0.26652134 0.26681694 0.26600022 0.26737044 0.26735090 0.26661416 0.26636022 0.26686183 0.26678997
[144] 0.26679112 0.26773089 0.26774241 0.26738911 0.26762985 0.26774101 0.26705875 0.26960754 0.26834105 0.26827573 0.26932573 0.26982338 0.26884841
[157] 0.26880669 0.26860881 0.26896777 0.26744953 0.26655455 0.26606290 0.26656232 0.26660218 0.26741089 0.26701859 0.26728182 0.26702628 0.26768409
[170] 0.26896156 0.26933732 0.27010067 0.27085571 0.27099504 0.27092538 0.27029073 0.27122008 0.27177435 0.27256624 0.27184403 0.27108366 0.27144391
[183] 0.27204024 0.27136042 0.27246801 0.27308371 0.27245498 0.27242575 0.27324254 0.27406118 0.27401819 0.27534613 0.27520777 0.27430404 0.27362876
[196] 0.27347065 0.27469315 0.27524189 0.27542573 0.27422742 0.27408398 0.27356678 0.27087529 0.27047617 0.26983441 0.26948024 0.26973161 0.26969694
[209] 0.27038046 0.27068201 0.27126042 0.27064236 0.27005235 0.27004344 0.26962522 0.27027636 0.26983514 0.26901720 0.26695615 0.26656513 0.26656567
[222] 0.26620687 0.26543043 0.26592937 0.26550042 0.26493992 0.26509785 0.26609392 0.26550192 0.26718749 0.26735381 0.26724083 0.26677118 0.26614700
[235] 0.26671779 0.26600506 0.26807689 0.26822106 0.26802187 0.26806943 0.26731513 0.26741184 0.26742388 0.26850419 0.26819754 0.26740392 0.26920301
[248] 0.26880557 0.26905449 0.26881117 0.26919931 0.26879108 0.26910088 0.26884927 0.26917641 0.26876735 0.26956128 0.26928420 0.27013080 0.27079961
[261] 0.27020345 0.26975225 0.26898511 0.26828074 0.26788491 0.26763669 0.26732490 0.26750860 0.26783511 0.26739517 0.26786896 0.26738807 0.26708793
[274] 0.26803893 0.26721473 0.26739736 0.26737203 0.26819106 0.26812720 0.26824589 0.26828871 0.26814035 0.26805829 0.26834596 0.26854021 0.26841563
[287] 0.26835151 0.26731817 0.26592388 0.26575567 0.26567070 0.26576340 0.26564805 0.26613443 0.26616036 0.26593339 0.26573527 0.26509155 0.26498119
[300] 0.26476007 0.26498013 0.26519608 0.26464918 0.26449232 0.26490205 0.26521918 0.26494495 0.26453314 0.26471237 0.26429264 0.26429955 0.26495350
[313] 0.26544395 0.26537161 0.26524552 0.26564868 0.26615571 0.26622910 0.26694285 0.26693505 0.26678568 0.26691374 0.26695263 0.26730453 0.26768023
[326] 0.26769449 0.26723079 0.26645675 0.26603610 0.26533507 0.26530162 0.26522721 0.26501324 0.26501031 0.26490863 0.26469967 0.26459704 0.26424563
[339] 0.26403230 0.26393515 0.26411037 0.26448685 0.26409468 0.26431022 0.26473629 0.26425748 0.26426830 0.26441868 0.26406848 0.26382292 0.26379504
[352] 0.26373161 0.26394834 0.26413799 0.26408520 0.26325520 0.26286543 0.26241094 0.26285910 0.26285276 0.26361559 0.26358401 0.26406279 0.26412740
[365] 0.26469751 0.26426374 0.26454040 0.26528021 0.26494800 0.26505119 0.26506529 0.26510252 0.26527860 0.26512568 0.26475112 0.26428663 0.26440988
[378] 0.26437103 0.26496290 0.26486039 0.26474616 0.26425485 0.26412896 0.26397017 0.26405257 0.26395097 0.26372949 0.26439097 0.26450081 0.26466802
[391] 0.26471986 0.26455939 0.26400783 0.26379444 0.26344700 0.26406380 0.26432779 0.26448171 0.26401817 0.26376142 0.26412708 0.26408918 0.26404348
[404] 0.26394456 0.26342657 0.26346647 0.26328718 0.26324911 0.26379272 0.26309360 0.26285938 0.26285369 0.26286479 0.26276769 0.26290529 0.26284894
[417] 0.26342955 0.26299290 0.26323490 0.26314970 0.26356746 0.26356647 0.26342059 0.26375655 0.26391239 0.26398335 0.26413356 0.26381759 0.26393828
[430] 0.26433782 0.26438249 0.26451511 0.26457667 0.26510132 0.26502913 0.26493162 0.26465840 0.26470974 0.26467342 0.26491808 0.26473135 0.26483334
[443] 0.26515057 0.26569090 0.26557408 0.26584764 0.26608097 0.26631112 0.26650161 0.26642271 0.26630803 0.26651728 0.26646023 0.26658129 0.26670411
[456] 0.26699243 0.26706564 0.26697824 0.26681527 0.26703182 0.26702379 0.26755891 0.26741428 0.26756055 0.26741270 0.26685131 0.26682256 0.26708768
[469] 0.26702281 0.26729723 0.26733085 0.26718597 0.26718753 0.26717317 0.26696875 0.26685541 0.26696446 0.26680994 0.26681529 0.26688099 0.26671273
[482] 0.26660264 0.26625426 0.26632704 0.26663464 0.26689896 0.26730554 0.26686585 0.26683324 0.26700147 0.26781924 0.26803010 0.26809322 0.26800076
[495] 0.26831010 0.26825447 0.26833921 0.26850865 0.26860651 0.26828093