#upper band:0.965

design.optF
        V1 V2 counter counter2
X        0  0       1    0.002
X.1      0 30       1    0.002
X.2      0 60       1    0.002
X.3     15  0       1    0.002
X.4     15 30       1    0.002
X.5     15 60       1    0.002
X.6     30  0      26    0.052
X.7     30 30       1    0.002
X.8     30 60       1    0.002
xnew     8  9       1    0.002
xnew.1   3  0      69    0.138
xnew.2   6  8       2    0.004
xnew.3  30 18       1    0.002
xnew.4   6  9       2    0.004
xnew.5   7  9     231    0.462
xnew.6  30 22       1    0.002
xnew.7  30 21       1    0.002
xnew.8  30 25       6    0.012
xnew.9  30 26      33    0.066
xnew.10 30 27     125    0.250
xnew.11  7 10       3    0.006


quantile(norm.sum.crit.ds)
       0%       25%       50%       75%      100% 
0.7531476 3.7426917 3.7836012 3.8021493 3.8542925 
> per0.5 <- quantile(norm.sum.crit.ds)[3]-quantile(norm.sum.crit.ds)[1]
> per0.5 / (max(norm.sum.crit.ds)-min(norm.sum.crit.ds))
      50% 
0.9772047 


norm.sum.crit.ds
  [1] 0.7531476 1.0918640 1.3454651 1.2033139 1.3946134 1.9512432 2.0424023 2.0338341 2.1239585 1.9590657 2.4001051 2.3533790 2.4274838 2.3732321
 [15] 2.3532552 2.3799862 2.4159897 2.4521553 2.5079235 2.4886490 2.5971208 2.5879971 2.8240870 2.8865674 2.8740590 2.8579784 2.8799819 2.8925421
 [29] 2.8984097 3.1351717 3.0922234 3.0924773 3.0989653 3.0950632 3.0847953 3.0961955 3.3483061 3.3539553 3.3332833 3.3710729 3.3710186 3.3672927
 [43] 3.3724887 3.3590734 3.5639980 3.5517154 3.5370321 3.5080749 3.5037635 3.4726573 3.4349872 3.6148560 3.6168043 3.6212302 3.6209311 3.6137820
 [57] 3.5905352 3.5804789 3.5620567 3.5876509 3.7019737 3.7067782 3.6996587 3.7055577 3.6888898 3.6944155 3.6775187 3.6838338 3.6725472 3.6754872
 [71] 3.6793025 3.6824651 3.6591723 3.7388857 3.7566422 3.7541697 3.7590202 3.7421426 3.7302160 3.7266421 3.7282301 3.7421714 3.7336284 3.7362481
 [85] 3.7262675 3.7109602 3.7004355 3.6909448 3.7544622 3.7643321 3.7485846 3.7428073 3.7442688 3.7403702 3.7423448 3.7510012 3.8152705 3.8205696
 [99] 3.8215689 3.8263248 3.8239121 3.8174119 3.8045411 3.8333958 3.8457456 3.8423790 3.8522211 3.8436361 3.8371330 3.8366197 3.7911630 3.7908960
[113] 3.7747546 3.7740632 3.7771426 3.7732559 3.7770684 3.7501432 3.7594201 3.7531019 3.7556740 3.7391593 3.7322251 3.7209935 3.7148870 3.7976599
[127] 3.7975289 3.7978798 3.7898246 3.7910763 3.7808659 3.7601785 3.7616996 3.7438358 3.7444576 3.7496144 3.7407185 3.7493121 3.7461845 3.7373167
[141] 3.7432263 3.7371827 3.7366472 3.7372263 3.7275799 3.7245030 3.7262932 3.7255186 3.7248357 3.7161293 3.7050601 3.6930101 3.6904867 3.7538701
[155] 3.7544245 3.7815722 3.7785683 3.7754350 3.7755583 3.7765512 3.7653927 3.8032434 3.8046058 3.7987039 3.8024865 3.7971777 3.7958594 3.7968613
[169] 3.7898917 3.7769002 3.7716921 3.7632934 3.7535343 3.7575908 3.7546785 3.7474227 3.8037582 3.8112676 3.8029819 3.8060590 3.8117001 3.8115058
[183] 3.8020664 3.7945103 3.7881107 3.7904852 3.7837341 3.7809332 3.7720843 3.8218568 3.8209757 3.8086849 3.8067653 3.7982885 3.7908257 3.7899808
[197] 3.7774133 3.7709315 3.7922449 3.8000022 3.7988851 3.8023982 3.7946920 3.7893114 3.7817480 3.7783425 3.7781802 3.7765484 3.7799080 3.7756998
[211] 3.7689801 3.7616095 3.7983534 3.7929934 3.8075932 3.8105916 3.8056036 3.7970270 3.7905347 3.7926031 3.8057814 3.8008956 3.8068409 3.8013186
[225] 3.7959404 3.7894177 3.7883375 3.8422273 3.8357000 3.8469590 3.8406472 3.8365963 3.8342839 3.8274709 3.8303491 3.8094154 3.8138357 3.8115265
[239] 3.8114189 3.8099110 3.8155606 3.8128540 3.8231857 3.8309464 3.8266892 3.8186319 3.8107748 3.8120893 3.8085562 3.8061989 3.8320904 3.8272321
[253] 3.8269275 3.8377344 3.8336571 3.8361453 3.8282041 3.8251742 3.8166283 3.8099235 3.8035803 3.8024315 3.7944051 3.7869494 3.7818626 3.8024633
[267] 3.7983057 3.7918684 3.7925810 3.7954838 3.7900638 3.7780755 3.7740084 3.7807379 3.7718477 3.7805541 3.7797744 3.7812474 3.7808020 3.7781713
[281] 3.7886066 3.7857644 3.7838937 3.7844529 3.7849378 3.7820436 3.7872246 3.7760959 3.7779058 3.7777119 3.7773727 3.7751660 3.7726179 3.7668430
[295] 3.7739648 3.7834682 3.7803459 3.7735220 3.7710376 3.7679628 3.7678571 3.8001263 3.7943321 3.7927681 3.7943847 3.7958621 3.7920405 3.7938293
[309] 3.7909500 3.7800713 3.7786466 3.7717437 3.7665814 3.7644842 3.7639975 3.7753075 3.8055317 3.8036327 3.7962651 3.7964272 3.7967301 3.7961724
[323] 3.7944554 3.7901220 3.7828706 3.7815371 3.7846593 3.7819729 3.7837941 3.7888781 3.7947898 3.7940051 3.7948643 3.7930477 3.7989353 3.7998162
[337] 3.7989460 3.7946994 3.7915770 3.8013725 3.8013092 3.7970052 3.7986622 3.7989212 3.8013110 3.7877170 3.7863681 3.7865813 3.7823722 3.7791526
[351] 3.7775137 3.7754528 3.7741956 3.7710992 3.7725675 3.7696864 3.7723056 3.7745898 3.7767272 3.7757366 3.7521682 3.7505672 3.7536243 3.7527840
[365] 3.7558945 3.7510973 3.7518490 3.7291941 3.7312214 3.7307160 3.7293477 3.7280977 3.7300984 3.7312904 3.7267843 3.7384691 3.7381021 3.7372015
[379] 3.7311704 3.7300870 3.7328989 3.7278431 3.7255866 3.7256265 3.7240471 3.7219530 3.7190051 3.7547244 3.7561249 3.7538619 3.7522908 3.7497913
[393] 3.7534431 3.7564097 3.7577965 3.7912153 3.7880920 3.7857962 3.7890773 3.7898768 3.7914843 3.7909435 3.7900419 3.7925325 3.7871429 3.7861594
[407] 3.7859486 3.7850471 3.7880164 3.7808031 3.7775298 3.7758952 3.7784271 3.7785275 3.7764212 3.7747651 3.7687071 3.7943143 3.7949974 3.7933213
[421] 3.7936106 3.7923973 3.7919678 3.7932970 3.7942220 3.7928172 3.7927514 3.7890795 3.7888114 3.7847141 3.7834071 3.7953051 3.7987077 3.8016282
[435] 3.8001236 3.7982270 3.7949572 3.7920510 3.7969081 3.7940562 3.7949696 3.7944990 3.7958070 3.7995593 3.7974839 3.7988512 3.8150192 3.8156551
[449] 3.8164155 3.8143756 3.8146216 3.8151749 3.8148559 3.8127951 3.8241390 3.8257647 3.8252208 3.8242315 3.8218855 3.8192084 3.8184185 3.8214101
[463] 3.8332860 3.8311778 3.8312197 3.8291090 3.8285015 3.8293982 3.8379928 3.8347373 3.8332165 3.8380500 3.8372470 3.8370439 3.8343999 3.8324775
[477] 3.8428215 3.8429783 3.8421203 3.8415728 3.8418247 3.8419610 3.8402848 3.8488570 3.8506426 3.8516499 3.8542925 3.8498392 3.8485501 3.8489006
[491] 3.8364535 3.8385862 3.8465434 3.8449560 3.8463636 3.8449599 3.8448514 3.8451656 3.8451679 3.8416355




THETA.HAT
           [,1]     [,2]     [,3]      [,4]
  [1,] 7.693024 5.940460 3.409630 0.9650000
  [2,] 7.417872 4.926519 3.184417 0.9593236
  [3,] 7.425659 4.954997 3.202834 0.9588364
  [4,] 7.419875 4.933214 3.420771 0.9423084
  [5,] 7.421675 4.935263 3.408789 0.9442629
  [6,] 7.425140 4.950404 3.134463 0.9637356
  [7,] 7.425124 4.949977 3.144855 0.9630170
  [8,] 7.424413 4.949601 3.154049 0.9612741
  [9,] 7.428143 4.963245 3.163317 0.9610067
 [10,] 7.426612 4.955232 3.278672 0.9528566
 [11,] 7.447647 4.990874 3.248502 0.9650000
 [12,] 7.495386 5.118260 3.237250 0.9650000
 [13,] 7.484577 5.089300 3.239852 0.9650000
 [14,] 7.521229 5.182794 3.339677 0.9650000
 [15,] 7.542264 5.268971 3.382839 0.9650000
 [16,] 7.546976 5.280613 3.380932 0.9650000
 [17,] 7.550916 5.290159 3.392192 0.9650000
 [18,] 7.545966 5.277926 3.393402 0.9650000
 [19,] 7.531197 5.241517 3.396988 0.9650000
 [20,] 7.534258 5.249156 3.405350 0.9650000
 [21,] 7.387989 5.081483 3.404018 0.9650000
 [22,] 7.398400 5.109882 3.400705 0.9650000
 [23,] 7.353764 4.906567 3.289433 0.9650000
 [24,] 7.341372 4.875808 3.250672 0.9650000
 [25,] 7.354750 4.911099 3.245509 0.9650000
 [26,] 7.373470 4.957976 3.301609 0.9650000
 [27,] 7.372526 4.955630 3.301955 0.9650000
 [28,] 7.374638 4.960877 3.301180 0.9650000
 [29,] 7.375667 4.963553 3.304237 0.9650000
 [30,] 7.336435 4.777329 3.201911 0.9650000
 [31,] 7.360183 4.835693 3.192677 0.9650000
 [32,] 7.368415 4.855551 3.215932 0.9650000
 [33,] 7.371403 4.862941 3.215053 0.9650000
 [34,] 7.378724 4.881075 3.212889 0.9650000
 [35,] 7.387705 4.902915 3.236819 0.9650000
 [36,] 7.385374 4.897119 3.237311 0.9650000
 [37,] 7.346586 4.704738 3.129838 0.9650000
 [38,] 7.350115 4.712972 3.139383 0.9650000
 [39,] 7.355343 4.724986 3.137714 0.9650000
 [40,] 7.313188 4.681968 3.138786 0.9650000
 [41,] 7.318898 4.695838 3.154934 0.9650000
 [42,] 7.323996 4.708982 3.153396 0.9650000
 [43,] 7.325822 4.713693 3.152843 0.9650000
 [44,] 7.331943 4.729237 3.170503 0.9650000
 [45,] 7.304603 4.589096 3.090844 0.9650000
 [46,] 7.312985 4.608172 3.088652 0.9650000
 [47,] 7.322360 4.630540 3.114647 0.9650000
 [48,] 7.335420 4.662441 3.110288 0.9650000
 [49,] 7.340046 4.673776 3.108730 0.9650000
 [50,] 7.353645 4.706621 3.145054 0.9650000
 [51,] 7.368070 4.742256 3.141133 0.9650000
 [52,] 7.344875 4.618988 3.070693 0.9650000
 [53,] 7.347588 4.625210 3.077659 0.9650000
 [54,] 7.348101 4.626406 3.077479 0.9650000
 [55,] 7.351130 4.633646 3.085670 0.9650000
 [56,] 7.355852 4.644681 3.084260 0.9650000
 [57,] 7.362312 4.659811 3.082320 0.9650000
 [58,] 7.390575 4.687450 3.081136 0.9650000
 [59,] 7.399310 4.708623 3.104177 0.9650000
 [60,] 7.392354 4.690855 3.106093 0.9650000
 [61,] 7.378353 4.616391 3.063586 0.9650000
 [62,] 7.379556 4.619166 3.066670 0.9650000
 [63,] 7.383888 4.629691 3.065170 0.9650000
 [64,] 7.383967 4.629883 3.065142 0.9650000
 [65,] 7.391318 4.647591 3.084725 0.9650000
 [66,] 7.390036 4.644467 3.085103 0.9650000
 [67,] 7.392837 4.659720 3.093884 0.9650000
 [68,] 7.392904 4.659877 3.094060 0.9650000
 [69,] 7.398499 4.673071 3.092134 0.9650000
 [70,] 7.399262 4.674872 3.091871 0.9650000
 [71,] 7.399465 4.675346 3.092388 0.9650000
 [72,] 7.399611 4.675691 3.092344 0.9650000
 [73,] 7.408127 4.695639 3.113764 0.9650000
 [74,] 7.399099 4.645108 3.084599 0.9650000
 [75,] 7.393970 4.633448 3.086376 0.9650000
 [76,] 7.396424 4.639205 3.092846 0.9650000
 [77,] 7.393907 4.633481 3.093619 0.9650000
 [78,] 7.429568 4.667695 3.091740 0.9650000
 [79,] 7.434842 4.680547 3.089967 0.9650000
 [80,] 7.437391 4.686710 3.096805 0.9650000
 [81,] 7.437269 4.686412 3.096841 0.9650000
 [82,] 7.436037 4.679653 3.092961 0.9650000
 [83,] 7.440630 4.690434 3.105084 0.9650000
 [84,] 7.440983 4.691270 3.104965 0.9650000
 [85,] 7.445646 4.702340 3.103388 0.9650000
 [86,] 7.452031 4.717394 3.119878 0.9650000
 [87,] 7.456522 4.728100 3.118526 0.9650000
 [88,] 7.460111 4.736594 3.127710 0.9650000
 [89,] 7.452951 4.696385 3.104536 0.9650000
 [90,] 7.450523 4.690779 3.105365 0.9650000
 [91,] 7.457251 4.706325 3.103062 0.9650000
 [92,] 7.460273 4.713266 3.110549 0.9650000
 [93,] 7.460583 4.713983 3.110453 0.9650000
 [94,] 7.462741 4.719157 3.116144 0.9650000
 [95,] 7.461102 4.715356 3.116600 0.9650000
 [96,] 7.448059 4.702960 3.117400 0.9650000
 [97,] 7.440775 4.662329 3.093870 0.9650000
 [98,] 7.440282 4.661167 3.092562 0.9650000
 [99,] 7.440911 4.662662 3.092347 0.9650000
[100,] 7.440293 4.661192 3.092558 0.9650000
[101,] 7.441985 4.665181 3.096955 0.9650000
[102,] 7.444835 4.671963 3.096071 0.9650000
[103,] 7.449345 4.682624 3.107697 0.9650000
[104,] 7.446401 4.665848 3.097950 0.9650000
[105,] 7.443005 4.657965 3.099114 0.9650000
[106,] 7.445052 4.662715 3.098413 0.9650000
[107,] 7.442491 4.656820 3.091984 0.9650000
[108,] 7.446089 4.665169 3.090852 0.9650000
[109,] 7.449010 4.671902 3.098114 0.9650000
[110,] 7.449372 4.672745 3.098010 0.9650000
[111,] 7.454748 4.703915 3.116197 0.9650000
[112,] 7.455667 4.706012 3.115886 0.9650000
[113,] 7.461677 4.720237 3.131706 0.9650000
[114,] 7.461219 4.719188 3.131849 0.9650000
[115,] 7.459488 4.717546 3.131960 0.9650000
[116,] 7.461511 4.722374 3.137311 0.9650000
[117,] 7.460388 4.719672 3.137653 0.9650000
[118,] 7.463775 4.738943 3.148897 0.9650000
[119,] 7.461514 4.733650 3.142976 0.9650000
[120,] 7.464402 4.740467 3.142018 0.9650000
[121,] 7.464162 4.739899 3.142098 0.9650000
[122,] 7.470438 4.754621 3.158269 0.9650000
[123,] 7.473301 4.761401 3.157397 0.9650000
[124,] 7.477742 4.771855 3.168779 0.9650000
[125,] 7.480188 4.777663 3.168096 0.9650000
[126,] 7.470839 4.723402 3.136335 0.9650000
[127,] 7.471514 4.724963 3.136107 0.9650000
[128,] 7.471938 4.725976 3.137241 0.9650000
[129,] 7.475240 4.733614 3.136205 0.9650000
[130,] 7.475345 4.733867 3.136485 0.9650000
[131,] 7.478979 4.742286 3.135424 0.9650000
[132,] 7.481498 4.757098 3.144088 0.9650000
[133,] 7.481536 4.757184 3.144075 0.9650000
[134,] 7.488059 4.772591 3.161134 0.9650000
[135,] 7.487424 4.771139 3.161334 0.9650000
[136,] 7.480804 4.764869 3.161792 0.9650000
[137,] 7.484365 4.773292 3.171065 0.9650000
[138,] 7.481831 4.767242 3.171844 0.9650000
[139,] 7.483388 4.770959 3.171366 0.9650000
[140,] 7.486666 4.778723 3.179797 0.9650000
[141,] 7.486157 4.775766 3.178058 0.9650000
[142,] 7.488760 4.781876 3.177197 0.9650000
[143,] 7.489407 4.783450 3.178970 0.9650000
[144,] 7.489542 4.783766 3.178929 0.9650000
[145,] 7.493121 4.792476 3.188666 0.9650000
[146,] 7.494377 4.795434 3.188305 0.9650000
[147,] 7.494323 4.795114 3.188117 0.9650000
[148,] 7.495049 4.796794 3.187877 0.9650000
[149,] 7.495696 4.798345 3.189609 0.9650000
[150,] 7.499180 4.806421 3.188526 0.9650000
[151,] 7.503279 4.816256 3.199423 0.9650000
[152,] 7.507998 4.827233 3.198051 0.9650000
[153,] 7.509051 4.829684 3.197744 0.9650000
[154,] 7.501982 4.787480 3.172830 0.9650000
[155,] 7.501506 4.786360 3.171592 0.9650000
[156,] 7.454732 4.742210 3.174997 0.9650000
[157,] 7.456167 4.745603 3.174513 0.9650000
[158,] 7.457559 4.749002 3.178358 0.9650000
[159,] 7.457809 4.749594 3.178279 0.9650000
[160,] 7.457869 4.749742 3.178445 0.9650000
[161,] 7.461885 4.759260 3.177249 0.9650000
[162,] 7.457813 4.734971 3.162833 0.9650000
[163,] 7.457737 4.734794 3.162859 0.9650000
[164,] 7.460001 4.740227 3.168950 0.9650000
[165,] 7.458971 4.737829 3.169282 0.9650000
[166,] 7.461018 4.742744 3.174761 0.9650000
[167,] 7.461528 4.743932 3.174608 0.9650000
[168,] 7.461525 4.743916 3.174598 0.9650000
[169,] 7.464404 4.750526 3.173619 0.9650000
[170,] 7.469026 4.761478 3.185812 0.9650000
[171,] 7.471177 4.766433 3.185121 0.9650000
[172,] 7.474261 4.773758 3.193225 0.9650000
[173,] 7.477474 4.781176 3.192249 0.9650000
[174,] 7.471512 4.775569 3.192712 0.9650000
[175,] 7.472831 4.778722 3.192292 0.9650000
[176,] 7.475309 4.784830 3.199122 0.9650000
[177,] 7.469162 4.748127 3.177265 0.9650000
[178,] 7.466899 4.742815 3.178037 0.9650000
[179,] 7.469863 4.749975 3.186096 0.9650000
[180,] 7.469039 4.748043 3.186361 0.9650000
[181,] 7.467535 4.744409 3.182293 0.9650000
[182,] 7.467683 4.744755 3.182247 0.9650000
[183,] 7.468804 4.751535 3.186305 0.9650000
[184,] 7.471795 4.758466 3.185289 0.9650000
[185,] 7.474173 4.764143 3.191635 0.9650000
[186,] 7.473565 4.762731 3.191831 0.9650000
[187,] 7.476039 4.768640 3.198404 0.9650000
[188,] 7.477244 4.771439 3.198036 0.9650000
[189,] 7.480463 4.778940 3.197050 0.9650000
[190,] 7.475201 4.746717 3.177717 0.9650000
[191,] 7.475743 4.747988 3.179127 0.9650000
[192,] 7.480392 4.758624 3.177602 0.9650000
[193,] 7.480810 4.759607 3.178684 0.9650000
[194,] 7.498059 4.775763 3.177362 0.9650000
[195,] 7.500870 4.782412 3.176448 0.9650000
[196,] 7.501439 4.783758 3.176263 0.9650000
[197,] 7.505949 4.794280 3.187594 0.9650000
[198,] 7.508314 4.799890 3.186866 0.9650000
[199,] 7.506039 4.786235 3.178767 0.9650000
[200,] 7.503781 4.780812 3.172726 0.9650000
[201,] 7.504384 4.782220 3.172528 0.9650000
[202,] 7.503504 4.780108 3.170190 0.9650000
[203,] 7.506411 4.786902 3.169280 0.9650000
[204,] 7.508505 4.791799 3.168623 0.9650000
[205,] 7.511050 4.797920 3.175319 0.9650000
[206,] 7.511508 4.800699 3.176963 0.9650000
[207,] 7.511771 4.801307 3.176876 0.9650000
[208,] 7.512563 4.803189 3.178945 0.9650000
[209,] 7.511557 4.800861 3.179261 0.9650000
[210,] 7.513263 4.804810 3.178726 0.9650000
[211,] 7.515678 4.810556 3.184981 0.9650000
[212,] 7.518387 4.816840 3.184171 0.9650000
[213,] 7.514455 4.792750 3.169885 0.9650000
[214,] 7.516066 4.796528 3.174010 0.9650000
[215,] 7.490661 4.772759 3.175958 0.9650000
[216,] 7.489816 4.770771 3.176237 0.9650000
[217,] 7.491663 4.775229 3.181196 0.9650000
[218,] 7.494824 4.782672 3.180199 0.9650000
[219,] 7.497254 4.788401 3.179430 0.9650000
[220,] 7.496670 4.786989 3.177879 0.9650000
[221,] 7.495317 4.778751 3.172986 0.9650000
[222,] 7.497215 4.783171 3.172353 0.9650000
[223,] 7.495484 4.779036 3.167794 0.9650000
[224,] 7.497600 4.783963 3.167116 0.9650000
[225,] 7.499674 4.788796 3.166451 0.9650000
[226,] 7.501988 4.794332 3.172490 0.9650000
[227,] 7.502425 4.795352 3.172357 0.9650000
[228,] 7.496722 4.760282 3.151534 0.9650000
[229,] 7.499094 4.765866 3.157646 0.9650000
[230,] 7.495266 4.757075 3.158888 0.9650000
[231,] 7.497543 4.762434 3.164740 0.9650000
[232,] 7.498755 4.765217 3.164365 0.9650000
[233,] 7.504023 4.770122 3.163957 0.9650000
[234,] 7.506515 4.776004 3.163157 0.9650000
[235,] 7.505602 4.773888 3.160898 0.9650000
[236,] 7.507943 4.788084 3.169298 0.9650000
[237,] 7.506579 4.784893 3.169753 0.9650000
[238,] 7.507545 4.787209 3.172314 0.9650000
[239,] 7.507755 4.787702 3.172247 0.9650000
[240,] 7.508445 4.789315 3.172026 0.9650000
[241,] 7.506758 4.785271 3.167595 0.9650000
[242,] 7.507753 4.787600 3.167288 0.9650000
[243,] 7.506694 4.781124 3.163450 0.9650000
[244,] 7.504317 4.775494 3.157261 0.9650000
[245,] 7.505967 4.779308 3.156728 0.9650000
[246,] 7.508969 4.786252 3.155757 0.9650000
[247,] 7.511725 4.792789 3.162869 0.9650000
[248,] 7.511386 4.792005 3.162974 0.9650000
[249,] 7.512697 4.795116 3.166346 0.9650000
[250,] 7.513603 4.797217 3.166076 0.9650000


THETA.HAT[251:500,]
           [,1]     [,2]     [,3]  [,4]
  [1,] 7.510887 4.780433 3.156131 0.965
  [2,] 7.512692 4.784663 3.160731 0.965
  [3,] 7.512617 4.784492 3.160754 0.965
  [4,] 7.493630 4.766800 3.162214 0.965
  [5,] 7.495183 4.770446 3.161711 0.965
  [6,] 7.494526 4.768868 3.159977 0.965
  [7,] 7.497295 4.775374 3.159112 0.965
  [8,] 7.497668 4.777656 3.160464 0.965
  [9,] 7.500662 4.784795 3.168332 0.965
 [10,] 7.503144 4.790592 3.167526 0.965
 [11,] 7.505513 4.796113 3.166754 0.965
 [12,] 7.506032 4.797354 3.168109 0.965
 [13,] 7.508949 4.804172 3.167192 0.965
 [14,] 7.511548 4.810395 3.173949 0.965
 [15,] 7.513410 4.814758 3.173386 0.965
 [16,] 7.511240 4.801356 3.165452 0.965
 [17,] 7.512860 4.805107 3.164919 0.965
 [18,] 7.515146 4.810530 3.170799 0.965
 [19,] 7.515002 4.810196 3.170845 0.965
 [20,] 7.514156 4.808189 3.168677 0.965
 [21,] 7.516100 4.812696 3.168082 0.965
 [22,] 7.517423 4.820919 3.172951 0.965
 [23,] 7.519031 4.824619 3.172423 0.965
 [24,] 7.516856 4.819501 3.166906 0.965
 [25,] 7.519907 4.826522 3.165935 0.965
 [26,] 7.504395 4.812025 3.167135 0.965
 [27,] 7.504817 4.812998 3.168166 0.965
 [28,] 7.504405 4.812029 3.168296 0.965
 [29,] 7.504704 4.812718 3.169024 0.965
 [30,] 7.505689 4.815039 3.168723 0.965
 [31,] 7.504605 4.808359 3.164778 0.965
 [32,] 7.505739 4.811004 3.164404 0.965
 [33,] 7.506492 4.812801 3.166358 0.965
 [34,] 7.506397 4.812578 3.166388 0.965
 [35,] 7.506359 4.812489 3.166292 0.965
 [36,] 7.507400 4.814918 3.165971 0.965
 [37,] 7.506883 4.811711 3.164076 0.965
 [38,] 7.510981 4.821192 3.162718 0.965
 [39,] 7.510488 4.820026 3.161458 0.965
 [40,] 7.510660 4.820423 3.161403 0.965
 [41,] 7.510892 4.820972 3.161994 0.965
 [42,] 7.511768 4.823002 3.161722 0.965
 [43,] 7.512780 4.825346 3.161407 0.965
 [44,] 7.514770 4.830062 3.166446 0.965
 [45,] 7.513969 4.825058 3.163492 0.965
 [46,] 7.497015 4.809205 3.164807 0.965
 [47,] 7.498228 4.812052 3.164404 0.965
 [48,] 7.500761 4.817879 3.170564 0.965
 [49,] 7.501721 4.820136 3.170256 0.965
 [50,] 7.502863 4.822880 3.173236 0.965
 [51,] 7.502934 4.823047 3.173214 0.965
 [52,] 7.499512 4.801816 3.160656 0.965
 [53,] 7.501670 4.806841 3.159933 0.965
 [54,] 7.502314 4.808363 3.161578 0.965
 [55,] 7.501840 4.807261 3.161732 0.965
 [56,] 7.501456 4.806349 3.160745 0.965
 [57,] 7.502889 4.809680 3.160295 0.965
 [58,] 7.502353 4.808436 3.160463 0.965
 [59,] 7.503354 4.810816 3.163018 0.965
 [60,] 7.504542 4.818253 3.167420 0.965
 [61,] 7.505144 4.819644 3.167225 0.965
 [62,] 7.507590 4.825423 3.173449 0.965
 [63,] 7.509521 4.829892 3.172844 0.965
 [64,] 7.510363 4.831841 3.172579 0.965
 [65,] 7.510426 4.831991 3.172740 0.965
 [66,] 7.489254 4.812238 3.174447 0.965
 [67,] 7.486067 4.792427 3.162694 0.965
 [68,] 7.486845 4.794244 3.162432 0.965
 [69,] 7.489394 4.800331 3.169064 0.965
 [70,] 7.489424 4.800402 3.169054 0.965
 [71,] 7.489427 4.800410 3.169062 0.965
 [72,] 7.489703 4.801055 3.168975 0.965
 [73,] 7.490390 4.802664 3.168758 0.965
 [74,] 7.491880 4.806226 3.172603 0.965
 [75,] 7.492678 4.811232 3.175579 0.965
 [76,] 7.493235 4.812525 3.175398 0.965
 [77,] 7.492282 4.810265 3.172953 0.965
 [78,] 7.493310 4.812654 3.172628 0.965
 [79,] 7.492748 4.811347 3.172806 0.965
 [80,] 7.491061 4.807344 3.168502 0.965
 [81,] 7.490468 4.803605 3.166281 0.965
 [82,] 7.490836 4.804453 3.166160 0.965
 [83,] 7.490632 4.803974 3.165644 0.965
 [84,] 7.491189 4.805256 3.165467 0.965
 [85,] 7.480623 4.795398 3.166305 0.965
 [86,] 7.480433 4.794944 3.165810 0.965
 [87,] 7.480816 4.795842 3.165688 0.965
 [88,] 7.482374 4.799502 3.165194 0.965
 [89,] 7.483455 4.802095 3.168001 0.965
 [90,] 7.482451 4.795811 3.164270 0.965
 [91,] 7.482557 4.796058 3.164235 0.965
 [92,] 7.484084 4.799691 3.168178 0.965
 [93,] 7.483575 4.798504 3.168340 0.965
 [94,] 7.483566 4.798483 3.168343 0.965
 [95,] 7.482794 4.796647 3.166361 0.965
 [96,] 7.484250 4.805812 3.171811 0.965
 [97,] 7.484810 4.807109 3.171629 0.965
 [98,] 7.484824 4.807143 3.171666 0.965
 [99,] 7.486380 4.810749 3.171171 0.965
[100,] 7.487552 4.813521 3.174160 0.965
[101,] 7.488202 4.815028 3.173959 0.965
[102,] 7.488957 4.816780 3.173726 0.965
[103,] 7.489112 4.817762 3.174310 0.965
[104,] 7.490087 4.820053 3.176778 0.965
[105,] 7.487875 4.817985 3.176956 0.965
[106,] 7.488959 4.820528 3.176603 0.965
[107,] 7.488180 4.818664 3.174575 0.965
[108,] 7.487455 4.816964 3.174805 0.965
[109,] 7.486779 4.815377 3.175019 0.965
[110,] 7.487140 4.816241 3.175954 0.965
[111,] 7.489689 4.832180 3.185409 0.965
[112,] 7.490328 4.833673 3.185202 0.965
[113,] 7.489382 4.831423 3.182761 0.965
[114,] 7.489753 4.832289 3.182644 0.965
[115,] 7.488715 4.829864 3.182972 0.965
[116,] 7.490401 4.833876 3.187301 0.965
[117,] 7.490168 4.833332 3.187372 0.965
[118,] 7.492616 4.848719 3.196516 0.965
[119,] 7.492004 4.847269 3.194947 0.965
[120,] 7.492253 4.847848 3.194869 0.965
[121,] 7.492813 4.849150 3.194693 0.965
[122,] 7.493302 4.850309 3.195940 0.965
[123,] 7.492593 4.848660 3.196157 0.965
[124,] 7.492484 4.847972 3.195748 0.965
[125,] 7.493975 4.851478 3.199530 0.965
[126,] 7.472235 4.831062 3.201316 0.965
[127,] 7.472435 4.831533 3.201251 0.965
[128,] 7.472834 4.832469 3.201123 0.965
[129,] 7.474925 4.837474 3.206576 0.965
[130,] 7.475337 4.838443 3.206447 0.965
[131,] 7.475057 4.836688 3.205399 0.965
[132,] 7.476854 4.840963 3.210067 0.965
[133,] 7.477731 4.843013 3.209785 0.965
[134,] 7.477791 4.843152 3.209766 0.965
[135,] 7.478386 4.844569 3.211304 0.965
[136,] 7.479197 4.846465 3.211051 0.965
[137,] 7.480222 4.848907 3.213695 0.965
[138,] 7.476446 4.825005 3.199397 0.965
[139,] 7.476001 4.823974 3.199541 0.965
[140,] 7.476841 4.825956 3.201691 0.965
[141,] 7.477463 4.827397 3.201495 0.965
[142,] 7.478427 4.829631 3.201190 0.965
[143,] 7.477114 4.826533 3.197849 0.965
[144,] 7.471817 4.821573 3.198289 0.965
[145,] 7.471353 4.820481 3.198435 0.965
[146,] 7.467843 4.798413 3.185235 0.965
[147,] 7.468962 4.801067 3.188140 0.965
[148,] 7.469835 4.803102 3.187855 0.965
[149,] 7.468810 4.800670 3.185202 0.965
[150,] 7.468586 4.800147 3.185273 0.965
[151,] 7.468082 4.798972 3.185434 0.965
[152,] 7.468315 4.799525 3.186034 0.965
[153,] 7.468661 4.800331 3.185926 0.965
[154,] 7.468420 4.798803 3.185011 0.965
[155,] 7.470303 4.803244 3.189843 0.965
[156,] 7.470699 4.804162 3.189717 0.965
[157,] 7.470834 4.804481 3.190064 0.965
[158,] 7.471206 4.805343 3.189948 0.965
[159,] 7.470192 4.802992 3.190264 0.965
[160,] 7.472650 4.808793 3.196531 0.965
[161,] 7.473009 4.811081 3.197905 0.965
[162,] 7.473535 4.812294 3.197738 0.965
[163,] 7.469038 4.808088 3.198110 0.965
[164,] 7.469076 4.808177 3.198207 0.965
[165,] 7.469876 4.810051 3.197953 0.965
[166,] 7.470515 4.811550 3.197750 0.965
[167,] 7.472560 4.816429 3.203066 0.965
[168,] 7.469896 4.799591 3.192966 0.965
[169,] 7.469713 4.799164 3.193026 0.965
[170,] 7.470338 4.800643 3.194641 0.965
[171,] 7.470287 4.800524 3.194657 0.965
[172,] 7.470774 4.801656 3.194502 0.965
[173,] 7.470964 4.802107 3.194992 0.965
[174,] 7.470514 4.801060 3.195132 0.965
[175,] 7.470435 4.800555 3.194828 0.965
[176,] 7.470968 4.801809 3.196194 0.965
[177,] 7.471033 4.801960 3.196173 0.965
[178,] 7.472329 4.805008 3.199484 0.965
[179,] 7.472469 4.805333 3.199440 0.965
[180,] 7.473978 4.808824 3.198970 0.965
[181,] 7.474437 4.809906 3.200140 0.965
[182,] 7.473196 4.801957 3.195358 0.965
[183,] 7.467148 4.796308 3.195858 0.965
[184,] 7.466175 4.794039 3.196175 0.965
[185,] 7.466737 4.795372 3.197636 0.965
[186,] 7.467456 4.797048 3.197407 0.965
[187,] 7.468661 4.799861 3.197022 0.965
[188,] 7.469641 4.802190 3.199560 0.965
[189,] 7.469155 4.799104 3.197704 0.965
[190,] 7.470221 4.801578 3.197355 0.965
[191,] 7.469974 4.800993 3.196717 0.965
[192,] 7.470188 4.801490 3.196649 0.965
[193,] 7.469777 4.800536 3.196780 0.965
[194,] 7.468561 4.797668 3.193665 0.965
[195,] 7.469339 4.799474 3.193420 0.965
[196,] 7.468897 4.798431 3.192291 0.965
[197,] 7.467252 4.787916 3.185971 0.965
[198,] 7.467070 4.787496 3.186030 0.965
[199,] 7.466865 4.787017 3.185509 0.965
[200,] 7.467529 4.788546 3.185300 0.965
[201,] 7.467346 4.788375 3.185315 0.965
[202,] 7.467208 4.788053 3.185359 0.965
[203,] 7.467361 4.788416 3.185755 0.965
[204,] 7.468099 4.790142 3.185523 0.965
[205,] 7.466943 4.782819 3.181129 0.965
[206,] 7.466459 4.781678 3.179883 0.965
[207,] 7.466695 4.782224 3.179806 0.965
[208,] 7.467080 4.783134 3.180799 0.965
[209,] 7.467949 4.785152 3.180524 0.965
[210,] 7.468933 4.787437 3.180213 0.965
[211,] 7.469239 4.788159 3.180996 0.965
[212,] 7.468213 4.785774 3.181314 0.965
[213,] 7.467010 4.778106 3.176711 0.965
[214,] 7.467769 4.779884 3.178644 0.965
[215,] 7.467795 4.779944 3.178636 0.965
[216,] 7.468586 4.781769 3.178385 0.965
[217,] 7.468827 4.782335 3.178997 0.965
[218,] 7.468517 4.781620 3.179094 0.965
[219,] 7.467657 4.776105 3.175779 0.965
[220,] 7.468804 4.778777 3.178676 0.965
[221,] 7.469303 4.779921 3.178518 0.965
[222,] 7.460511 4.771732 3.179234 0.965
[223,] 7.460831 4.772488 3.180059 0.965
[224,] 7.460945 4.772755 3.180023 0.965
[225,] 7.461909 4.774999 3.179717 0.965
[226,] 7.462561 4.776540 3.181395 0.965
[227,] 7.461522 4.769916 3.177413 0.965
[228,] 7.461511 4.769892 3.177417 0.965
[229,] 7.461847 4.770680 3.178277 0.965
[230,] 7.462079 4.771217 3.178203 0.965
[231,] 7.462035 4.771114 3.178217 0.965
[232,] 7.462026 4.771094 3.178195 0.965
[233,] 7.462625 4.772481 3.178007 0.965
[234,] 7.461770 4.767003 3.174710 0.965
[235,] 7.461218 4.765714 3.173309 0.965
[236,] 7.460898 4.764977 3.173411 0.965
[237,] 7.460058 4.763016 3.171284 0.965
[238,] 7.461662 4.766704 3.170781 0.965
[239,] 7.462152 4.767830 3.170627 0.965
[240,] 7.461993 4.767460 3.170228 0.965
[241,] 7.485444 4.789274 3.168328 0.965
[242,] 7.484719 4.787584 3.168554 0.965
[243,] 7.483911 4.782485 3.165515 0.965
[244,] 7.484495 4.783861 3.167012 0.965
[245,] 7.484050 4.782830 3.167154 0.965
[246,] 7.484585 4.784068 3.166984 0.965
[247,] 7.484663 4.784253 3.167184 0.965
[248,] 7.484588 4.784079 3.167208 0.965
[249,] 7.484628 4.784173 3.167310 0.965
[250,] 7.485881 4.787076 3.166926 0.965



SESEq
             [,1]       [,2]       [,3]        [,4]
  [1,] 0.57105806 1.97507046 1.39952982 0.080494775
  [2,] 0.54989558 1.87147089 1.36072052 0.058452707
  [3,] 0.25765093 0.63751699 0.68295412 0.046291395
  [4,] 0.24686486 0.60917077 0.63187771 0.042622976
  [5,] 0.23241479 0.57456574 0.58462944 0.036025234
  [6,] 0.24296687 0.60162492 0.51087885 0.029774657
  [7,] 0.23170233 0.57368275 0.46745782 0.026803360
  [8,] 0.22216774 0.55015167 0.44818193 0.024538138
  [9,] 0.19253842 0.40550671 0.36358434 0.022693821
 [10,] 0.19355030 0.40718145 0.36668814 0.022907209
 [11,] 0.22413347 0.47283222 0.41263086 0.023272021
 [12,] 0.25397151 0.54214916 0.44391354 0.025391303
 [13,] 0.24739116 0.52670488 0.42252206 0.023833564
 [14,] 0.26110075 0.56058481 0.45521926 0.024440288
 [15,] 0.24560639 0.48041265 0.40590521 0.023620736
 [16,] 0.24005142 0.47004598 0.38546624 0.022359845
 [17,] 0.23477196 0.46011918 0.37717468 0.021280031
 [18,] 0.22948231 0.44925656 0.36106566 0.020199246
 [19,] 0.22738932 0.44368915 0.35276618 0.019496293
 [20,] 0.22293544 0.43532875 0.34595128 0.018672921
 [21,] 0.17611718 0.39459657 0.34904806 0.018284474
 [22,] 0.17581347 0.39501443 0.34110113 0.017871306
 [23,] 0.17026485 0.34473207 0.30781044 0.017210504
 [24,] 0.17040214 0.34388848 0.30451486 0.016819236
 [25,] 0.17270292 0.34985724 0.30192414 0.016727035
 [26,] 0.17881613 0.36402983 0.31670466 0.017055433
 [27,] 0.17588835 0.35797929 0.30681351 0.016447982
 [28,] 0.17332100 0.35294069 0.29794280 0.015930073
 [29,] 0.17074246 0.34779078 0.29341289 0.015435868
 [30,] 0.16923018 0.31607893 0.27259199 0.015095627
 [31,] 0.18279866 0.34359284 0.28804413 0.016100980
 [32,] 0.18226058 0.34331998 0.28863613 0.015831863
 [33,] 0.18012811 0.33957368 0.28153010 0.015410416
 [34,] 0.17944469 0.33894567 0.27671143 0.015151712
 [35,] 0.17936480 0.33959189 0.27803469 0.014957624
 [36,] 0.17714812 0.33518737 0.27204248 0.014568791
 [37,] 0.17869654 0.31319211 0.25753998 0.014426357
 [38,] 0.17703206 0.31056347 0.25556245 0.014115203
 [39,] 0.17587664 0.30893828 0.25086849 0.013853652
 [40,] 0.14914540 0.28744537 0.24835774 0.013558577
 [41,] 0.14854436 0.28674223 0.24823510 0.013355801
 [42,] 0.14793979 0.28601231 0.24445973 0.013149511
 [43,] 0.14653331 0.28344834 0.23986321 0.012878653
 [44,] 0.14631083 0.28352971 0.24046797 0.012730789
 [45,] 0.14652138 0.26621027 0.22867119 0.012571713
 [46,] 0.14722785 0.26807336 0.22722960 0.012509048
 [47,] 0.14873557 0.27152721 0.23103686 0.012526335
 [48,] 0.15338300 0.28105094 0.23523691 0.012811290
 [49,] 0.15280774 0.28036467 0.23216404 0.012645768
 [50,] 0.15688769 0.28894534 0.24056289 0.012888770
 [51,] 0.16252048 0.30054657 0.24626110 0.013258155
 [52,] 0.16207093 0.28349302 0.23424113 0.013042478
 [53,] 0.16092679 0.28169353 0.23288735 0.012834820
 [54,] 0.15955853 0.27933694 0.22915258 0.012606973
 [55,] 0.15858851 0.27787670 0.22814793 0.012427988
 [56,] 0.15812224 0.27741001 0.22555077 0.012289809
 [57,] 0.15839233 0.27836475 0.22398675 0.012219436
 [58,] 0.14083006 0.26615340 0.22114433 0.012086006
 [59,] 0.14202196 0.26907159 0.22431136 0.012105594
 [60,] 0.14244193 0.26929767 0.22405875 0.012022415
 [61,] 0.14083120 0.25448494 0.21349814 0.011791133
 [62,] 0.13983390 0.25276500 0.21205972 0.011615737
 [63,] 0.13962099 0.25269617 0.21008372 0.011512891
 [64,] 0.13859309 0.25084161 0.20727057 0.011339037
 [65,] 0.13948816 0.25299422 0.20964732 0.011340993
 [66,] 0.13851187 0.25113059 0.20707001 0.011173732
 [67,] 0.13690022 0.24139841 0.20029338 0.011058824
 [68,] 0.13594789 0.23972372 0.19881703 0.010901320
 [69,] 0.13636461 0.24082793 0.19790884 0.010865112
 [70,] 0.13548367 0.23932227 0.19549298 0.010719799
 [71,] 0.13458387 0.23774615 0.19413736 0.010573919
 [72,] 0.13370024 0.23619471 0.19183449 0.010432393
 [73,] 0.13538354 0.23972457 0.19531301 0.010510615
 [74,] 0.13414993 0.22951574 0.18788194 0.010345769
 [75,] 0.13418473 0.22926794 0.18723500 0.010268903
 [76,] 0.13363601 0.22848659 0.18673059 0.010166139
 [77,] 0.13298489 0.22722377 0.18501596 0.010045665
 [78,] 0.12140533 0.21982940 0.18335758 0.009990772
 [79,] 0.12202257 0.22128611 0.18306921 0.009988023
 [80,] 0.12159394 0.22067112 0.18270504 0.009895692
 [81,] 0.12087409 0.21935699 0.18077321 0.009775701
 [82,] 0.11948741 0.21125386 0.17499880 0.009652258
 [83,] 0.11970521 0.21190809 0.17584454 0.009620061
 [84,] 0.11903695 0.21074586 0.17401026 0.009508419
 [85,] 0.11944569 0.21174458 0.17354974 0.009493303
 [86,] 0.12041985 0.21384946 0.17570246 0.009526921
 [87,] 0.12073801 0.21468330 0.17514984 0.009505243
 [88,] 0.12063243 0.21470913 0.17538120 0.009450818
 [89,] 0.11967558 0.20696028 0.16974549 0.009325968
 [90,] 0.11924078 0.20607439 0.16850552 0.009235146
 [91,] 0.12077523 0.20910269 0.16958256 0.009314402
 [92,] 0.12054053 0.20886456 0.16954587 0.009250915
 [93,] 0.11992886 0.20782198 0.16797250 0.009155169
 [94,] 0.11956149 0.20731307 0.16767118 0.009083499
 [95,] 0.11903421 0.20630812 0.16634614 0.008993365
 [96,] 0.10976299 0.19948512 0.16549077 0.008904462
 [97,] 0.10902651 0.19274054 0.16057972 0.008799206
 [98,] 0.10849044 0.19176626 0.15968142 0.008710184
 [99,] 0.10799543 0.19092535 0.15827920 0.008626428
[100,] 0.10748082 0.18998229 0.15694120 0.008541027
[101,] 0.10712064 0.18943593 0.15656060 0.008472876
[102,] 0.10707527 0.18950885 0.15576645 0.008432253
[103,] 0.10750485 0.19051124 0.15685408 0.008433205
[104,] 0.10657278 0.18468744 0.15260101 0.008337911
[105,] 0.10658604 0.18453883 0.15220200 0.008292914
[106,] 0.10635222 0.18423719 0.15121127 0.008238854
[107,] 0.10609128 0.18365721 0.15052786 0.008175856
[108,] 0.10633029 0.18425230 0.15016240 0.008161923
[109,] 0.10626838 0.18429148 0.15033734 0.008124789
[110,] 0.10581500 0.18352345 0.14916119 0.008053927
[111,] 0.10572584 0.18090495 0.14748770 0.008070359
[112,] 0.10532932 0.18027025 0.14638020 0.008005598
[113,] 0.10672427 0.18296596 0.14893605 0.008085575
[114,] 0.10627228 0.18216901 0.14782367 0.008015430
[115,] 0.09915699 0.17703485 0.14698649 0.007950500
[116,] 0.09896580 0.17679527 0.14688389 0.007904139
[117,] 0.09860088 0.17608670 0.14590976 0.007839206
[118,] 0.09818938 0.17281434 0.14367699 0.007819703
[119,] 0.09798305 0.17234376 0.14310377 0.007766933
[120,] 0.09808706 0.17266508 0.14265293 0.007746226
[121,] 0.09769249 0.17195905 0.14163075 0.007682521
[122,] 0.09918924 0.17489615 0.14440885 0.007777960
[123,] 0.09928365 0.17520190 0.14396918 0.007757713
[124,] 0.09985362 0.17642393 0.14521559 0.007778235
[125,] 0.09982184 0.17648771 0.14462320 0.007748045
[126,] 0.10012131 0.17272881 0.14187216 0.007716246
[127,] 0.09977533 0.17216328 0.14091734 0.007660153
[128,] 0.09941348 0.17156006 0.14041792 0.007603138
[129,] 0.09967648 0.17216725 0.14022809 0.007598326
[130,] 0.09930604 0.17153293 0.13968630 0.007541459
[131,] 0.09969593 0.17237545 0.13967594 0.007547250
[132,] 0.09928435 0.16944346 0.13763001 0.007523608
[133,] 0.09892209 0.16882691 0.13672248 0.007467970
[134,] 0.10083590 0.17240516 0.13999892 0.007594136
[135,] 0.10048185 0.17177121 0.13913336 0.007538548
[136,] 0.09455534 0.16745118 0.13856424 0.007484395
[137,] 0.09487334 0.16818145 0.13935661 0.007487533
[138,] 0.09484917 0.16801864 0.13903611 0.007454490
[139,] 0.09468175 0.16779564 0.13834670 0.007416899
[140,] 0.09490099 0.16833825 0.13895988 0.007412478
[141,] 0.09429081 0.16473612 0.13631870 0.007357573
[142,] 0.09439613 0.16503784 0.13598797 0.007343246
[143,] 0.09410876 0.16456659 0.13561289 0.007296313
[144,] 0.09379369 0.16402169 0.13479019 0.007246601
[145,] 0.09423770 0.16496945 0.13576827 0.007261754
[146,] 0.09403268 0.16466733 0.13506825 0.007222673
[147,] 0.09347859 0.16143297 0.13269849 0.007174933
[148,] 0.09321308 0.16100568 0.13194340 0.007131193
[149,] 0.09294185 0.16056682 0.13159641 0.007087551
[150,] 0.09338413 0.16148132 0.13174623 0.007102008
[151,] 0.09405961 0.16283797 0.13307392 0.007136192
[152,] 0.09506870 0.16479307 0.13398029 0.007195196
[153,] 0.09484552 0.16445257 0.13329507 0.007156435
[154,] 0.09498466 0.16151940 0.13109770 0.007125840
[155,] 0.09468890 0.16099558 0.13061946 0.007079980
[156,] 0.09030339 0.15821795 0.13199426 0.007082678
[157,] 0.09017076 0.15804900 0.13141465 0.007051485
[158,] 0.09002466 0.15785777 0.13131820 0.007019872
[159,] 0.08975608 0.15739782 0.13059786 0.006977048
[160,] 0.08948308 0.15692208 0.13018305 0.006934391
[161,] 0.09023286 0.15841497 0.13080624 0.006976025
[162,] 0.08990250 0.15526407 0.12842944 0.006925747
[163,] 0.08963201 0.15479371 0.12773872 0.006883478
[164,] 0.08968923 0.15499348 0.12801471 0.006870108
[165,] 0.08946991 0.15457095 0.12744091 0.006831074
[166,] 0.08947502 0.15467088 0.12762052 0.006814044
[167,] 0.08923689 0.15428075 0.12696892 0.006776125
[168,] 0.08878811 0.15166405 0.12502984 0.006737342
[169,] 0.08908066 0.15228079 0.12504239 0.006743107
[170,] 0.09008268 0.15419374 0.12685536 0.006805453
[171,] 0.09013529 0.15437256 0.12656084 0.006792183
[172,] 0.09045175 0.15504896 0.12726876 0.006800825
[173,] 0.09085428 0.15587293 0.12743187 0.006815375
[174,] 0.08654846 0.15275002 0.12704524 0.006776706
[175,] 0.08643805 0.15261215 0.12655583 0.006750452
[176,] 0.08658991 0.15299293 0.12699847 0.006746778
[177,] 0.08666423 0.15049317 0.12511280 0.006718950
[178,] 0.08671339 0.15048408 0.12499527 0.006700741
[179,] 0.08702775 0.15115981 0.12571002 0.006710495
[180,] 0.08681978 0.15076420 0.12517037 0.006674643
[181,] 0.08668948 0.15047232 0.12482079 0.006644151
[182,] 0.08645986 0.15007989 0.12422150 0.006608402
[183,] 0.08613148 0.14800142 0.12271026 0.006584507
[184,] 0.08651320 0.14877798 0.12288083 0.006599350
[185,] 0.08664540 0.14910618 0.12326600 0.006594848
[186,] 0.08643048 0.14871178 0.12272592 0.006559942
[187,] 0.08659316 0.14909658 0.12316194 0.006558319
[188,] 0.08647607 0.14894370 0.12270043 0.006533432
[189,] 0.08694986 0.14989109 0.12300878 0.006555949
[190,] 0.08697783 0.14761874 0.12126694 0.006528089
[191,] 0.08677949 0.14730441 0.12101885 0.006496786
[192,] 0.08797322 0.14951546 0.12226620 0.006574673
[193,] 0.08776595 0.14918065 0.12199619 0.006542830
[194,] 0.08423024 0.14699021 0.12153771 0.006528972
[195,] 0.08457709 0.14771153 0.12169207 0.006542425
[196,] 0.08439566 0.14741810 0.12117199 0.006512409
[197,] 0.08526743 0.14912524 0.12278754 0.006568872
[198,] 0.08545342 0.14954942 0.12273282 0.006569567
[199,] 0.08509907 0.14707963 0.12087774 0.006528014
[200,] 0.08515131 0.14707483 0.12073018 0.006512473
[201,] 0.08497633 0.14679687 0.12022675 0.006483493
[202,] 0.08480100 0.14645718 0.11988302 0.006452946
[203,] 0.08518382 0.14723567 0.12009189 0.006469574
[204,] 0.08529462 0.14751185 0.11994845 0.006464713
[205,] 0.08550309 0.14798034 0.12044953 0.006468264
[206,] 0.08517296 0.14600711 0.11901421 0.006441710
[207,] 0.08497941 0.14568562 0.11851061 0.006411715
[208,] 0.08482758 0.14545776 0.11835041 0.006385984
[209,] 0.08467762 0.14516134 0.11795657 0.006358092
[210,] 0.08469369 0.14525553 0.11770504 0.006346231
[211,] 0.08486961 0.14565613 0.11813836 0.006347615
[212,] 0.08518392 0.14630226 0.11827103 0.006359385
[213,] 0.08504895 0.14415040 0.11664006 0.006327038
[214,] 0.08502795 0.14417888 0.11672901 0.006312818
[215,] 0.08180534 0.14191936 0.11708725 0.006295365
[216,] 0.08165474 0.14162485 0.11669030 0.006268001
[217,] 0.08170477 0.14178748 0.11690808 0.006259922
[218,] 0.08223863 0.14283939 0.11735348 0.006290087
[219,] 0.08248863 0.14337045 0.11741992 0.006297754
[220,] 0.08231525 0.14304502 0.11710705 0.006269476
[221,] 0.08198593 0.14096707 0.11555061 0.006234787
[222,] 0.08207673 0.14119637 0.11540963 0.006229768
[223,] 0.08204921 0.14107961 0.11520896 0.006211452
[224,] 0.08220140 0.14142297 0.11515075 0.006211479
[225,] 0.08234346 0.14174765 0.11508225 0.006210859
[226,] 0.08251620 0.14213863 0.11550343 0.006213171
[227,] 0.08235679 0.14188098 0.11507168 0.006188017
[228,] 0.08260618 0.14027989 0.11385975 0.006176921
[229,] 0.08279715 0.14069742 0.11430357 0.006180705
[230,] 0.08353712 0.14180912 0.11526013 0.006217735
[231,] 0.08369684 0.14217071 0.11565475 0.006219197
[232,] 0.08363348 0.14210929 0.11533434 0.006202445
[233,] 0.08062823 0.14005585 0.11495495 0.006180376
[234,] 0.08092597 0.14067120 0.11510461 0.006192926
[235,] 0.08078628 0.14039334 0.11482025 0.006167933
[236,] 0.08070707 0.13932613 0.11411342 0.006169386
[237,] 0.08064766 0.13917131 0.11388763 0.006150012
[238,] 0.08055255 0.13904570 0.11382098 0.006131115
[239,] 0.08039279 0.13877796 0.11340342 0.006106236
[240,] 0.08027090 0.13859388 0.11302694 0.006085043
[241,] 0.08025472 0.13849910 0.11285062 0.006069010
[242,] 0.08017414 0.13839796 0.11252634 0.006051519
[243,] 0.07988099 0.13658891 0.11117592 0.006021546
[244,] 0.08003322 0.13675774 0.11118160 0.006017649
[245,] 0.08008363 0.13690502 0.11102085 0.006010934
[246,] 0.08058955 0.13788192 0.11144843 0.006040084
[247,] 0.08092820 0.13856883 0.11212643 0.006056645
[248,] 0.08077034 0.13828585 0.11174553 0.006032224
[249,] 0.08073359 0.13827399 0.11178701 0.006019099
[250,] 0.08064346 0.13815356 0.11146294 0.006001383


SESEq[251:500,]
             [,1]       [,2]       [,3]        [,4]
  [1,] 0.08045351 0.13635147 0.11009916 0.005971819
  [2,] 0.08052039 0.13653305 0.11031965 0.005967204
  [3,] 0.08036290 0.13626329 0.10993752 0.005943582
  [4,] 0.07769833 0.13436733 0.11010524 0.005925922
  [5,] 0.07774367 0.13450383 0.10995220 0.005919503
  [6,] 0.07761148 0.13424974 0.10969942 0.005897038
  [7,] 0.07804973 0.13511188 0.11006479 0.005921975
  [8,] 0.07780968 0.13366261 0.10900983 0.005902548
  [9,] 0.07826999 0.13456791 0.10988437 0.005929721
 [10,] 0.07859580 0.13522025 0.11009581 0.005945696
 [11,] 0.07887899 0.13579544 0.11025185 0.005958379
 [12,] 0.07875478 0.13560168 0.11010779 0.005938269
 [13,] 0.07924987 0.13656336 0.11054404 0.005967580
 [14,] 0.07955394 0.13718886 0.11116587 0.005982484
 [15,] 0.07967494 0.13746780 0.11111484 0.005982395
 [16,] 0.07945472 0.13574612 0.10981707 0.005953251
 [17,] 0.07951697 0.13591194 0.10969150 0.005948576
 [18,] 0.07972179 0.13634948 0.11014275 0.005955580
 [19,] 0.07957503 0.13609319 0.10978735 0.005933365
 [20,] 0.07946090 0.13586578 0.10955198 0.005912888
 [21,] 0.07960820 0.13618921 0.10953883 0.005915102
 [22,] 0.07945840 0.13508190 0.10876116 0.005906913
 [23,] 0.07952022 0.13524492 0.10864029 0.005902461
 [24,] 0.07963260 0.13535477 0.10861533 0.005897352
 [25,] 0.08018417 0.13640309 0.10911787 0.005930827
 [26,] 0.07767009 0.13458528 0.10918675 0.005912090
 [27,] 0.07754719 0.13438759 0.10903376 0.005892533
 [28,] 0.07741598 0.13414491 0.10871151 0.005871419
 [29,] 0.07728803 0.13393401 0.10854267 0.005851596
 [30,] 0.07723590 0.13388021 0.10829013 0.005838261
 [31,] 0.07699119 0.13233542 0.10713965 0.005812424
 [32,] 0.07696664 0.13233419 0.10692244 0.005801482
 [33,] 0.07687896 0.13221166 0.10684812 0.005785515
 [34,] 0.07674471 0.13197734 0.10651966 0.005765072
 [35,] 0.07661135 0.13174663 0.10632099 0.005744946
 [36,] 0.07657244 0.13171716 0.10609253 0.005733095
 [37,] 0.07633591 0.13030667 0.10504915 0.005710522
 [38,] 0.07749367 0.13242899 0.10637031 0.005791600
 [39,] 0.07736953 0.13219870 0.10615184 0.005771692
 [40,] 0.07724235 0.13198751 0.10583087 0.005752408
 [41,] 0.07711792 0.13178344 0.10566738 0.005733572
 [42,] 0.07705526 0.13170744 0.10541588 0.005720024
 [43,] 0.07701392 0.13167267 0.10519151 0.005708337
 [44,] 0.07715940 0.13199474 0.10552821 0.005711773
 [45,] 0.07692815 0.13058593 0.10448210 0.005688504
 [46,] 0.07468788 0.12897992 0.10462404 0.005673544
 [47,] 0.07469213 0.12903041 0.10445569 0.005665587
 [48,] 0.07495958 0.12958041 0.10499786 0.005679119
 [49,] 0.07491836 0.12954348 0.10477515 0.005667495
 [50,] 0.07489563 0.12954647 0.10482076 0.005657732
 [51,] 0.07477410 0.12933880 0.10451490 0.005639170
 [52,] 0.07475077 0.12799806 0.10349793 0.005620486
 [53,] 0.07501339 0.12852339 0.10366210 0.005633245
 [54,] 0.07492663 0.12839786 0.10357993 0.005618176
 [55,] 0.07481583 0.12819147 0.10330998 0.005600093
 [56,] 0.07469934 0.12797805 0.10311093 0.005581801
 [57,] 0.07475267 0.12811936 0.10301242 0.005578192
 [58,] 0.07464717 0.12791992 0.10275538 0.005560705
 [59,] 0.07460597 0.12788542 0.10276256 0.005549816
 [60,] 0.07448558 0.12697547 0.10212493 0.005543381
 [61,] 0.07440263 0.12685457 0.10186646 0.005528900
 [62,] 0.07470541 0.12745751 0.10244921 0.005545330
 [63,] 0.07489235 0.12784279 0.10252230 0.005552347
 [64,] 0.07483908 0.12778078 0.10229988 0.005540476
 [65,] 0.07472277 0.12758447 0.10213618 0.005523175
 [66,] 0.07274340 0.12621945 0.10246124 0.005514763
 [67,] 0.07271061 0.12495669 0.10150057 0.005496754
 [68,] 0.07265533 0.12488839 0.10127605 0.005484712
 [69,] 0.07300831 0.12558617 0.10194808 0.005505636
 [70,] 0.07289603 0.12539408 0.10166744 0.005488548
 [71,] 0.07278381 0.12520119 0.10150208 0.005471576
 [72,] 0.07268164 0.12503492 0.10123029 0.005455647
 [73,] 0.07261629 0.12494612 0.10099941 0.005443036
 [74,] 0.07267198 0.12509500 0.10117664 0.005440533
 [75,] 0.07252953 0.12415025 0.10049971 0.005430847
 [76,] 0.07245093 0.12403445 0.10025539 0.005417175
 [77,] 0.07238913 0.12389555 0.10009277 0.005403210
 [78,] 0.07237535 0.12390654 0.09992644 0.005394977
 [79,] 0.07228392 0.12373112 0.09970042 0.005379392
 [80,] 0.07234176 0.12377151 0.09965181 0.005373642
 [81,] 0.07214912 0.12260706 0.09878243 0.005354560
 [82,] 0.07205696 0.12246253 0.09853059 0.005340010
 [83,] 0.07195009 0.12227401 0.09836174 0.005323857
 [84,] 0.07187480 0.12216429 0.09812955 0.005310862
 [85,] 0.06997732 0.12078865 0.09812302 0.005295861
 [86,] 0.06987437 0.12060442 0.09795666 0.005279987
 [87,] 0.06978849 0.12046896 0.09771345 0.005266005
 [88,] 0.06990264 0.12071811 0.09771799 0.005268423
 [89,] 0.06989512 0.12074251 0.09777610 0.005261295
 [90,] 0.06971668 0.11958277 0.09690557 0.005241718
 [91,] 0.06961781 0.11941665 0.09665521 0.005226660
 [92,] 0.06969835 0.11960646 0.09686574 0.005226732
 [93,] 0.06961237 0.11944227 0.09665176 0.005212100
 [94,] 0.06951218 0.11927005 0.09640545 0.005197019
 [95,] 0.06944381 0.11912677 0.09624929 0.005183533
 [96,] 0.06938824 0.11848941 0.09581643 0.005183061
 [97,] 0.06932164 0.11839361 0.09560195 0.005171141
 [98,] 0.06922327 0.11822611 0.09545938 0.005156397
 [99,] 0.06934002 0.11847536 0.09547162 0.005159208
[100,] 0.06935220 0.11853499 0.09556025 0.005154043
[101,] 0.06929642 0.11846049 0.09536107 0.005143168
[102,] 0.06925442 0.11841288 0.09517928 0.005133504
[103,] 0.06909710 0.11747586 0.09449087 0.005120333
[104,] 0.06907866 0.11747613 0.09452288 0.005112763
[105,] 0.06733863 0.11622772 0.09436975 0.005098217
[106,] 0.06735672 0.11629366 0.09426238 0.005093441
[107,] 0.06729733 0.11616543 0.09411833 0.005080987
[108,] 0.06723927 0.11604201 0.09395542 0.005068718
[109,] 0.06717664 0.11591232 0.09378602 0.005056245
[110,] 0.06709809 0.11578869 0.09369340 0.005043701
[111,] 0.06721828 0.11561253 0.09363879 0.005060597
[112,] 0.06716822 0.11554657 0.09345148 0.005050411
[113,] 0.06712942 0.11544917 0.09332661 0.005039547
[114,] 0.06705408 0.11533127 0.09311296 0.005027280
[115,] 0.06704065 0.11527552 0.09302430 0.005018353
[116,] 0.06717391 0.11555940 0.09331436 0.005023239
[117,] 0.06708500 0.11539912 0.09310000 0.005009515
[118,] 0.06719558 0.11521264 0.09303160 0.005025207
[119,] 0.06712493 0.11507195 0.09288611 0.005012494
[120,] 0.06704324 0.11493962 0.09266961 0.004999818
[121,] 0.06698651 0.11485970 0.09248056 0.004989382
[122,] 0.06692041 0.11476198 0.09241418 0.004978275
[123,] 0.06686472 0.11464454 0.09226118 0.004966777
[124,] 0.06671278 0.11374729 0.09159561 0.004953132
[125,] 0.06680250 0.11394691 0.09180790 0.004954713
[126,] 0.06536354 0.11300710 0.09221828 0.004953617
[127,] 0.06528351 0.11287495 0.09200541 0.004941122
[128,] 0.06521631 0.11277112 0.09180651 0.004929866
[129,] 0.06547693 0.11328885 0.09230608 0.004945216
[130,] 0.06541091 0.11318745 0.09210911 0.004934105
[131,] 0.06526041 0.11228721 0.09143563 0.004919878
[132,] 0.06543479 0.11264397 0.09179175 0.004928415
[133,] 0.06542594 0.11265563 0.09166327 0.004922100
[134,] 0.06534257 0.11251389 0.09145318 0.004909468
[135,] 0.06529147 0.11244467 0.09141377 0.004899855
[136,] 0.06527317 0.11243796 0.09127613 0.004892890
[137,] 0.06527867 0.11247977 0.09134393 0.004888057
[138,] 0.06548092 0.11182398 0.09083708 0.004887051
[139,] 0.06540927 0.11168823 0.09065899 0.004874972
[140,] 0.06538777 0.11167754 0.09067655 0.004867983
[141,] 0.06534497 0.11162314 0.09051156 0.004859122
[142,] 0.06535271 0.11166535 0.09040861 0.004854397
[143,] 0.06538034 0.11167191 0.09035658 0.004848939
[144,] 0.06388782 0.11058845 0.09027672 0.004836366
[145,] 0.06382115 0.11045887 0.09010702 0.004824736
[146,] 0.06397163 0.10976949 0.08957630 0.004821356
[147,] 0.06399882 0.10985077 0.08968044 0.004818431
[148,] 0.06399581 0.10987185 0.08956601 0.004812925
[149,] 0.06398331 0.10981870 0.08947585 0.004804906
[150,] 0.06390588 0.10967906 0.08928703 0.004792835
[151,] 0.06384339 0.10955669 0.08912732 0.004781693
[152,] 0.06377146 0.10944045 0.08903544 0.004770590
[153,] 0.06370745 0.10934095 0.08885274 0.004760200
[154,] 0.06357055 0.10852435 0.08824044 0.004747330
[155,] 0.06378152 0.10894168 0.08864611 0.004759075
[156,] 0.06372183 0.10885144 0.08846874 0.004749095
[157,] 0.06364719 0.10872803 0.08836741 0.004737858
[158,] 0.06358613 0.10863469 0.08818990 0.004727820
[159,] 0.06358739 0.10860697 0.08813471 0.004721203
[160,] 0.06398970 0.10936906 0.08884066 0.004747761
[161,] 0.06387620 0.10866886 0.08832457 0.004738897
[162,] 0.06382929 0.10860438 0.08816358 0.004730119
[163,] 0.06243591 0.10759458 0.08807944 0.004718357
[164,] 0.06236170 0.10746784 0.08797104 0.004707091
[165,] 0.06235331 0.10747707 0.08785696 0.004701475
[166,] 0.06232283 0.10744346 0.08771668 0.004694097
[167,] 0.06259204 0.10797013 0.08821986 0.004710776
[168,] 0.06262269 0.10721214 0.08763276 0.004701704
[169,] 0.06254959 0.10708162 0.08745413 0.004690400
[170,] 0.06251277 0.10703737 0.08743596 0.004682669
[171,] 0.06243885 0.10690930 0.08725368 0.004671490
[172,] 0.06239215 0.10684354 0.08709674 0.004662897
[173,] 0.06232396 0.10673248 0.08700752 0.004652474
[174,] 0.06226416 0.10661698 0.08685674 0.004642114
[175,] 0.06214036 0.10588285 0.08630623 0.004630940
[176,] 0.06209585 0.10582267 0.08627129 0.004622700
[177,] 0.06202487 0.10570358 0.08609303 0.004612036
[178,] 0.06209660 0.10586391 0.08626607 0.004613250
[179,] 0.06202814 0.10575123 0.08609014 0.004602889
[180,] 0.06217629 0.10604704 0.08618162 0.004609856
[181,] 0.06212602 0.10597485 0.08613421 0.004601250
[182,] 0.06202508 0.10517354 0.08551728 0.004587604
[183,] 0.06073153 0.10423432 0.08547055 0.004576930
[184,] 0.06073868 0.10421874 0.08542852 0.004571277
[185,] 0.06070057 0.10416988 0.08540401 0.004563695
[186,] 0.06068663 0.10416651 0.08529094 0.004558015
[187,] 0.06076452 0.10433473 0.08529543 0.004559703
[188,] 0.06078194 0.10439355 0.08537456 0.004556748
[189,] 0.06066068 0.10364812 0.08480888 0.004544383
[190,] 0.06070842 0.10375977 0.08477440 0.004543695
[191,] 0.06064229 0.10363957 0.08466152 0.004533353
[192,] 0.06058078 0.10354050 0.08449639 0.004523784
[193,] 0.06052413 0.10343210 0.08435411 0.004514081
[194,] 0.06055931 0.10345710 0.08432464 0.004510448
[195,] 0.06055575 0.10347291 0.08422814 0.004505788
[196,] 0.06049895 0.10336311 0.08411736 0.004496105
[197,] 0.06043719 0.10261727 0.08354073 0.004484124
[198,] 0.06037143 0.10250056 0.08338208 0.004474059
[199,] 0.06030587 0.10238347 0.08327416 0.004464037
[200,] 0.06028695 0.10236967 0.08316073 0.004458225
[201,] 0.05908592 0.10152087 0.08303851 0.004448555
[202,] 0.05902143 0.10140621 0.08288052 0.004438641
[203,] 0.05896035 0.10130565 0.08279865 0.004429279
[204,] 0.05895534 0.10131770 0.08270393 0.004424649
[205,] 0.05886212 0.10058407 0.08214175 0.004412225
[206,] 0.05881204 0.10048489 0.08203811 0.004403169
[207,] 0.05875593 0.10039547 0.08188472 0.004394318
[208,] 0.05870855 0.10032538 0.08183626 0.004386338
[209,] 0.05872562 0.10037839 0.08177062 0.004383544
[210,] 0.05876450 0.10047189 0.08173314 0.004382509
[211,] 0.05871211 0.10039094 0.08167305 0.004374134
[212,] 0.05873796 0.10040695 0.08166526 0.004370431
[213,] 0.05865205 0.09969520 0.08111863 0.004358447
[214,] 0.05864425 0.09970298 0.08114660 0.004353859
[215,] 0.05858203 0.09959789 0.08099250 0.004344555
[216,] 0.05858724 0.09962809 0.08091438 0.004340939
[217,] 0.05853225 0.09954128 0.08084730 0.004332437
[218,] 0.05847612 0.09943746 0.08071074 0.004323391
[219,] 0.05837737 0.09875159 0.08018584 0.004311689
[220,] 0.05843498 0.09888027 0.08032488 0.004312375
[221,] 0.05840209 0.09883785 0.08020225 0.004305764
[222,] 0.05729634 0.09804412 0.08023085 0.004297764
[223,] 0.05724809 0.09797039 0.08017692 0.004289893
[224,] 0.05719063 0.09787514 0.08002849 0.004281126
[225,] 0.05723136 0.09797084 0.07999829 0.004280463
[226,] 0.05721389 0.09795896 0.08000657 0.004275250
[227,] 0.05712624 0.09728564 0.07948971 0.004263830
[228,] 0.05706686 0.09718423 0.07934289 0.004254901
[229,] 0.05702061 0.09711460 0.07929289 0.004247310
[230,] 0.05696926 0.09703326 0.07915234 0.004239225
[231,] 0.05691024 0.09693157 0.07900812 0.004230384
[232,] 0.05685157 0.09683141 0.07892148 0.004221624
[233,] 0.05683433 0.09681788 0.07882130 0.004216461
[234,] 0.05674239 0.09616897 0.07832385 0.004205411
[235,] 0.05670444 0.09608995 0.07823618 0.004197772
[236,] 0.05665342 0.09599519 0.07811080 0.004189395
[237,] 0.05664676 0.09596159 0.07805067 0.004183874
[238,] 0.05685592 0.09635766 0.07824082 0.004196306
[239,] 0.05682653 0.09632061 0.07812795 0.004190243
[240,] 0.05676948 0.09621969 0.07803627 0.004181632
[241,] 0.05616494 0.09630570 0.07821305 0.004206139
[242,] 0.05615304 0.09626608 0.07815163 0.004200343
[243,] 0.05606044 0.09562724 0.07766738 0.004189525
[244,] 0.05603940 0.09560701 0.07766632 0.004184212
[245,] 0.05599850 0.09552561 0.07755882 0.004176527
[246,] 0.05597625 0.09550160 0.07745571 0.004171075
[247,] 0.05592167 0.09541057 0.07738006 0.004162871
[248,] 0.05586576 0.09531323 0.07724464 0.004154451
[249,] 0.05581074 0.09522043 0.07716637 0.004146239
[250,] 0.05592331 0.09544515 0.07723508 0.004151451


sigmaEhat
  [1] 0.1646952 0.1725816 0.1597831 0.1536106 0.1449239 0.1512156 0.1442129 0.1382949 0.1328777 0.1336980 0.1543144 0.1723564 0.1684424 0.1759792
 [15] 0.1719054 0.1678161 0.1639805 0.1604895 0.1596263 0.1563970 0.1579065 0.1571587 0.1601869 0.1607915 0.1623925 0.1673829 0.1646810 0.1621930
 [29] 0.1597411 0.1642477 0.1764428 0.1756070 0.1734318 0.1724790 0.1720599 0.1700264 0.1768162 0.1750485 0.1737170 0.1722752 0.1713641 0.1704576
 [43] 0.1687629 0.1682686 0.1725623 0.1730990 0.1745297 0.1794674 0.1786122 0.1828533 0.1888121 0.1919724 0.1905169 0.1888775 0.1876166 0.1868849
 [57] 0.1869571 0.1857434 0.1869647 0.1878180 0.1884025 0.1870239 0.1865672 0.1851906 0.1861037 0.1848517 0.1836457 0.1823662 0.1827189 0.1815105
 [71] 0.1802982 0.1791092 0.1810611 0.1811475 0.1813717 0.1805466 0.1797532 0.1792472 0.1799593 0.1792337 0.1781772 0.1771629 0.1773272 0.1763248
 [85] 0.1767650 0.1779840 0.1782929 0.1780114 0.1779981 0.1774339 0.1794855 0.1790354 0.1781164 0.1774970 0.1767700 0.1759793 0.1761676 0.1753183
 [99] 0.1744965 0.1736864 0.1730475 0.1728762 0.1734172 0.1728139 0.1729477 0.1725008 0.1721600 0.1724293 0.1722347 0.1714880 0.1714942 0.1708219
[113] 0.1728881 0.1721706 0.1714476 0.1710492 0.1704568 0.1700580 0.1697734 0.1698587 0.1691832 0.1715705 0.1716383 0.1724774 0.1723404 0.1741549
[127] 0.1735311 0.1728885 0.1732387 0.1725920 0.1731515 0.1727119 0.1720806 0.1751968 0.1746020 0.1740088 0.1744751 0.1745170 0.1741561 0.1744497
[141] 0.1738552 0.1739634 0.1734125 0.1728275 0.1735253 0.1731064 0.1725323 0.1720191 0.1714981 0.1722028 0.1733139 0.1750194 0.1745742 0.1758285
[155] 0.1752969 0.1764857 0.1761783 0.1758455 0.1753126 0.1747777 0.1761068 0.1762089 0.1756812 0.1757182 0.1753221 0.1752644 0.1747814 0.1742726
[169] 0.1747553 0.1765699 0.1766037 0.1771224 0.1778061 0.1773371 0.1770659 0.1772907 0.1783452 0.1785220 0.1790682 0.1786678 0.1784512 0.1779736
[183] 0.1775532 0.1782422 0.1784354 0.1780127 0.1782655 0.1779849 0.1788538 0.1796955 0.1792683 0.1815825 0.1811411 0.1809617 0.1816105 0.1812014
[197] 0.1829207 0.1832376 0.1830174 0.1832079 0.1828111 0.1824644 0.1831895 0.1833566 0.1837166 0.1832886 0.1828634 0.1825101 0.1822208 0.1821988
[211] 0.1824957 0.1830811 0.1834363 0.1833377 0.1835605 0.1832514 0.1832997 0.1843886 0.1848652 0.1844973 0.1841804 0.1843203 0.1843181 0.1845884
[225] 0.1848372 0.1851451 0.1847726 0.1861266 0.1864764 0.1882721 0.1885540 0.1883704 0.1880018 0.1886082 0.1883139 0.1882112 0.1881198 0.1878642
[239] 0.1874843 0.1871763 0.1871978 0.1869756 0.1866596 0.1870971 0.1871592 0.1882393 0.1889346 0.1885777 0.1884465 0.1882052 0.1882678 0.1883630
[253] 0.1879971 0.1880371 0.1880929 0.1877964 0.1887601 0.1884077 0.1894174 0.1901196 0.1907222 0.1904036 0.1914984 0.1921403 0.1923668 0.1922913
[267] 0.1923858 0.1928006 0.1924507 0.1922046 0.1924934 0.1922532 0.1923477 0.1926954 0.1939247 0.1938546 0.1935332 0.1932204 0.1928908 0.1927256
[281] 0.1924603 0.1923593 0.1921135 0.1917814 0.1914495 0.1913161 0.1910046 0.1937591 0.1934661 0.1931422 0.1928230 0.1926360 0.1924977 0.1927914
[295] 0.1925119 0.1925442 0.1925124 0.1931146 0.1929744 0.1928749 0.1925594 0.1930413 0.1936441 0.1933975 0.1931280 0.1928409 0.1929288 0.1926751
[309] 0.1925335 0.1923271 0.1920923 0.1927886 0.1932044 0.1930379 0.1927358 0.1930181 0.1934437 0.1932694 0.1941172 0.1938176 0.1935192 0.1932379
[323] 0.1930400 0.1931350 0.1928888 0.1926605 0.1925297 0.1924575 0.1922338 0.1924468 0.1921868 0.1919288 0.1916512 0.1914317 0.1913044 0.1910297
[337] 0.1907816 0.1910393 0.1909806 0.1907821 0.1905079 0.1906751 0.1904573 0.1901835 0.1900233 0.1899256 0.1897243 0.1894547 0.1897215 0.1897146
[351] 0.1895400 0.1893995 0.1891361 0.1890527 0.1887964 0.1888099 0.1886706 0.1885326 0.1883802 0.1881474 0.1884350 0.1882730 0.1881968 0.1879730
[365] 0.1879705 0.1882862 0.1880449 0.1883086 0.1881315 0.1878942 0.1877164 0.1875146 0.1873823 0.1871353 0.1873371 0.1878223 0.1875855 0.1873788
[379] 0.1880553 0.1878517 0.1876146 0.1880544 0.1879993 0.1877577 0.1875906 0.1875106 0.1874914 0.1885814 0.1883899 0.1882996 0.1881556 0.1881457
[393] 0.1882697 0.1880788 0.1878984 0.1888256 0.1888675 0.1888290 0.1888273 0.1886064 0.1884390 0.1882188 0.1880182 0.1877934 0.1883528 0.1881633
[407] 0.1879383 0.1877456 0.1877832 0.1888877 0.1886730 0.1885170 0.1883253 0.1881002 0.1880477 0.1879341 0.1886753 0.1891661 0.1889515 0.1888190
[421] 0.1885974 0.1884400 0.1882276 0.1880621 0.1878434 0.1876910 0.1874743 0.1876476 0.1874360 0.1878335 0.1876663 0.1876182 0.1874690 0.1875237
[435] 0.1873870 0.1873198 0.1875197 0.1875401 0.1873539 0.1874658 0.1872700 0.1870729 0.1869117 0.1870612 0.1870244 0.1868638 0.1869615 0.1867640
[449] 0.1865680 0.1864878 0.1862828 0.1860841 0.1858863 0.1858459 0.1857943 0.1856525 0.1854676 0.1853052 0.1853304 0.1854206 0.1852451 0.1853606
[463] 0.1853314 0.1852817 0.1850843 0.1850749 0.1848933 0.1847261 0.1846205 0.1847653 0.1846453 0.1846041 0.1844381 0.1842492 0.1843487 0.1842707
[477] 0.1842107 0.1840196 0.1838595 0.1836863 0.1834975 0.1833086 0.1832336 0.1831381 0.1830336 0.1828792 0.1828849 0.1835086 0.1833980 0.1832190
[491] 0.1841692 0.1841541 0.1840487 0.1839604 0.1838406 0.1837501 0.1835684 0.1833873 0.1832054 0.1835341