design.optF
        V1 V2 counter counter2
X        0  0       1    0.002
X.1      0 30       1    0.002
X.2      0 60       1    0.002
X.3     15  0       1    0.002
X.4     15 30       1    0.002
X.5     15 60       1    0.002
X.6     30  0      21    0.042
X.7     30 30      10    0.020
X.8     30 60       1    0.002
xnew     8  8       1    0.002
xnew.1   3  0      64    0.128
xnew.2   6  8       2    0.004
xnew.3  30 18       1    0.002
xnew.4   6  9       1    0.002
xnew.5   7  9     233    0.466
xnew.6  30 22       1    0.002
xnew.7  30 21       1    0.002
xnew.8  30 27       1    0.002
xnew.9  30 29       8    0.016
xnew.10 30 32      13    0.026
xnew.11 30 31      10    0.020
xnew.12 30 28       1    0.002
xnew.13 30 33     132    0.264
xnew.14 30 34       2    0.004


norm.sum.crit.ds
  [1] 1.208515 1.141650 1.334924 1.197034 1.388055 1.949742 2.042463 2.038620 2.120903 1.956682 2.534899 3.185940 3.068614 3.496084 3.242160
 [16] 3.307271 3.369594 3.293093 3.638542 3.750302 3.897932 3.926330 4.321643 4.288446 4.346632 4.375331 4.354484 4.378902 4.388624 4.443354
 [31] 4.365070 4.774240 4.783313 4.794377 4.759261 4.879235 4.730138 4.777643 4.948889 4.908041 4.918202 4.937163 4.932227 5.016401 4.844404
 [46] 4.825429 4.758186 4.587290 4.696316 4.562235 4.406982 4.278946 4.360785 4.358247 4.397659 4.466197 4.448606 4.416144 4.542613 4.390491
 [61] 4.696114 4.772633 4.775277 4.762650 4.877767 4.834696 4.810057 4.890164 4.816218 4.787923 4.867170 4.941622 4.868337 4.960411 4.840735
 [76] 4.921359 5.040651 4.979757 5.078869 5.106820 5.089202 5.097044 5.073686 5.219298 5.186622 5.132616 5.211781 5.261714 5.236207 5.343822
 [91] 5.461301 5.441023 5.574340 5.600218 5.548772 5.565089 5.639979 5.711386 5.750829 5.715125 5.760124 5.749201 5.712485 5.720727 5.847451
[106] 5.876262 5.801124 5.862485 5.962942 6.004192 6.117461 6.141499 6.058106 6.028764 6.064634 6.066653 6.241883 6.352394 6.310540 6.363892
[121] 6.358075 6.321235 6.299077 6.244832 6.218879 6.141114 6.169357 6.206546 6.173679 6.217079 6.177267 6.252820 6.348935 6.242573 6.299125
[136] 6.299622 6.362524 6.278678 6.278262 6.333965 6.371624 6.320439 6.345395 6.380395 6.333908 6.342082 6.385555 6.403756 6.412756 6.434719
[151] 6.422410 6.349445 6.360208 6.437073 6.444726 6.341278 6.340991 6.343049 6.334313 6.320609 6.355845 6.350042 6.354486 6.417160 6.408009
[166] 6.409478 6.390592 6.385487 6.394693 6.412417 6.418092 6.387050 6.296613 6.309888 6.329195 6.301886 6.365520 6.296167 6.440671 6.463287
[181] 6.451195 6.447859 6.438710 6.449090 6.456028 6.463602 6.455727 6.463816 6.451694 6.438703 6.441505 6.422165 6.424708 6.435823 6.424266
[196] 6.451105 6.436038 6.427843 6.426426 6.410726 6.409995 6.400239 6.344927 6.338281 6.330862 6.324613 6.322335 6.321655 6.313257 6.307543
[211] 6.378371 6.368647 6.361696 6.365053 6.371529 6.377076 6.349511 6.361566 6.351892 6.324033 6.323787 6.329578 6.317372 6.324144 6.316849
[226] 6.309962 6.310565 6.418469 6.411500 6.434336 6.441294 6.443522 6.449112 6.458118 6.449351 6.388360 6.378458 6.379277 6.381286 6.381207
[241] 6.368914 6.369838 6.378957 6.452996 6.447551 6.459169 6.468482 6.473231 6.470273 6.468094 6.514695 6.509639 6.512890 6.517146 6.511640
[256] 6.517921 6.505414 6.485900 6.496905 6.506036 6.496404 6.496902 6.484245 6.474976 6.466186 6.446973 6.423681 6.431081 6.427421 6.419934
[271] 6.426370 6.418272 6.423100 6.408808 6.336660 6.333466 6.334522 6.339142 6.340674 6.338089 6.337570 6.339782 6.357022 6.360040 6.362879
[286] 6.360002 6.361423 6.342763 6.337029 6.334459 6.334199 6.332217 6.334158 6.338725 6.341783 6.345273 6.341283 6.333067 6.330246 6.360787
[301] 6.362854 6.355713 6.346909 6.346507 6.351124 6.354994 6.335380 6.340360 6.341874 6.348031 6.347184 6.338475 6.330561 6.331395 6.333522
[316] 6.327206 6.333444 6.334478 6.342365 6.329281 6.331605 6.332113 6.337223 6.332973 6.327217 6.326626 6.333133 6.330072 6.324622 6.313485
[331] 6.317592 6.316819 6.312933 6.312285 6.313844 6.309941 6.309119 6.302906 6.331451 6.330954 6.332434 6.336764 6.331516 6.333537 6.338102
[346] 6.375276 6.382745 6.380009 6.385049 6.387668 6.388274 6.386394 6.382674 6.380024 6.399439 6.395834 6.401431 6.407060 6.401114 6.399958
[361] 6.388832 6.389182 6.351882 6.351876 6.344283 6.349392 6.345739 6.334530 6.310013 6.310615 6.310014 6.308894 6.314208 6.316485 6.320741
[376] 6.327186 6.327792 6.339387 6.346711 6.346307 6.343818 6.337388 6.334699 6.332570 6.332693 6.329836 6.332167 6.323349 6.327309 6.325243
[391] 6.323610 6.315677 6.323318 6.322409 6.325697 6.283284 6.279931 6.277277 6.283702 6.286558 6.290865 6.291440 6.303808 6.301710 6.294980
[406] 6.294695 6.295796 6.295418 6.354104 6.344872 6.340785 6.339895 6.339890 6.337706 6.339353 6.337531 6.399242 6.393411 6.395984 6.394731
[421] 6.395966 6.399271 6.397887 6.393395 6.390603 6.402879 6.401017 6.404786 6.403281 6.397306 6.397194 6.395429 6.393884 6.450338 6.449266
[436] 6.447195 6.450983 6.453342 6.453910 6.449964 6.446362 6.459483 6.455198 6.447228 6.448846 6.443893 6.430097 6.426945 6.423753 6.421828
[451] 6.438058 6.435136 6.433678 6.435219 6.436252 6.439996 6.440123 6.446564 6.443723 6.446454 6.445716 6.438482 6.439760 6.437718 6.438918
[466] 6.430468 6.429455 6.425806 6.426083 6.422268 6.420602 6.434287 6.434266 6.435067 6.420153 6.421141 6.419659 6.421166 6.421060 6.421157
[481] 6.442062 6.443571 6.441961 6.442358 6.446309 6.449368 6.454644 6.447876 6.448096 6.436973 6.447634 6.442038 6.442259 6.442911 6.438631
[496] 6.436697 6.444969 6.466054 6.467312 6.462278