design.optF
        V1 V2 counter counter2
X        0  0       1    0.002
X.1      0 30       1    0.002
X.2      0 60       1    0.002
X.3     15  0       1    0.002
X.4     15 30       1    0.002
X.5     15 60       1    0.002
X.6     30  0      29    0.058
X.7     30 30       1    0.002
X.8     30 60       1    0.002
xnew     8  8       1    0.002
xnew.1   6 10       1    0.002
xnew.2  30 14       1    0.002
xnew.3   7 13       1    0.002
xnew.4   7 16       1    0.002
xnew.5  30 22      85    0.170
xnew.6   8  0       1    0.002
xnew.7   7 10       1    0.002
xnew.8   7 11       1    0.002
xnew.9  30 18       1    0.002
xnew.10  7 12       2    0.004
xnew.11  7 14       1    0.002
xnew.12 30 24       1    0.002
xnew.13  7 15       1    0.002
xnew.14 30 19       7    0.014
xnew.15  6 13       4    0.008
xnew.16  5  0       1    0.002
xnew.17  6 11     134    0.268
xnew.18 30 20       6    0.012
xnew.19 30 23       4    0.008
xnew.20  6 12     131    0.262
xnew.21  4  0       5    0.010
xnew.22 30 21      57    0.114
xnew.23  3  0      24    0.048
> 



sum.crit.delta
  [1]   0.1961160   0.4983372   0.6429794   0.6990549   0.8067500   0.9250376   1.0502663   1.2651761   1.4222645   1.6542672   1.7501396
 [12]   1.7757078   1.9825508   2.0751891   2.1146552   2.3496667   2.5492640   2.7946726   3.0516023   3.2647489   3.3732641   3.7618802
 [23]   4.0153757   4.2688352   4.4335964   4.7433599   4.9068441   5.1637929   5.3989645   5.6902466   5.6630136   5.8421636   6.0818665
 [34]   6.3469964   6.6194887   6.7672341   7.4928319   7.7310813   7.9804805   8.2499984   8.5204962   8.7644880   9.0409045   9.3168381
 [45]   9.3646254   9.5274557   9.6637033   9.6901102   9.9046419  10.1392508  10.1341013  10.1748151  10.3923678  10.9140979  11.1652093
 [56]  11.4201313  11.6014291  11.7653034  12.0878156  12.4526501  12.5746316  12.7705495  13.0394745  13.3228639  13.6350434  13.7784778
 [67]  14.0424151  14.2165578  14.3754198  14.5775604  14.8278260  15.1193939  15.4570723  15.6167616  15.9807993  16.2249007  16.5577907
 [78]  16.8929806  17.2090656  17.4534233  17.6361182  17.8599714  18.1570798  18.4435354  18.7595457  19.1132275  19.2767736  19.7497233
 [89]  19.9312935  20.3025436  20.3680039  20.5924115  20.8801721  21.1232553  21.4582417  21.7141124  21.8688231  22.0328222  22.3271363
[100]  22.6562306  22.9152173  23.1150797  23.4439146  23.6781372  24.5278392  24.7733431  25.1307597  25.3067886  25.6105958  25.8158230
[111]  25.8729172  26.1009180  26.4819069  26.8036669  27.0119783  27.3034876  27.6681138  27.7717493  28.1351827  28.3243878  28.5036326
[122]  28.9071041  29.0955797  29.7396951  30.0328219  30.4498908  30.7498471  31.0358495  31.1969516  31.4958232  31.6323906  31.7577654
[133]  31.9477024  32.2263186  32.5859100  32.8854966  33.0278134  33.4607460  33.7125672  33.8652331  34.0740685  34.1671915  34.4140161
[144]  34.6161827  34.9989296  35.2571980  35.4516945  35.7363774  36.0099286  36.1350775  36.2103608  36.2559319  36.5364637  36.9433951
[155]  37.2685472  37.3262188  37.5657307  37.9397070  38.2579274  38.5570266  38.6218635  38.8016165  39.1321880  39.4634857  39.5818864
[166]  39.8961481  40.1180370  40.3117229  40.5340552  40.9605183  41.2799502  41.6478777  42.0207931  42.2967134  42.5411427  42.9024548
[177]  42.9900438  43.4282825  43.8009844  43.9314631  44.0269831  44.2302473  44.3715227  44.4837096  44.8090735  45.1727404  45.3174834
[188]  45.5607685  45.9533388  46.3433602  46.5991402  46.5495854  46.8333546  47.2433087  47.3471996  47.5857119  48.0249055  48.3804373
[199]  48.6694505  48.6884592  48.9282547  49.0611839  49.4498787  49.6115031  49.9196494  50.0920374  50.4040689  50.6592181  51.0608038
[210]  51.1629227  51.5424905  51.9172147  52.2942613  52.4937857  52.6489188  53.0400869  53.2116795  53.2515063  53.6200534  53.7737701
[221]  54.0402910  54.0632571  54.4670737  54.6117095  54.7605027  55.0609635  55.3568510  55.3732321  55.7592720  55.5589790  55.9394360
[232]  56.1671091  56.3209718  56.4133210  56.7812722  56.8352319  57.2464812  57.6235427  57.8408897  58.1079966  58.1461121  58.4261897
[243]  58.6844428  58.7807464  59.1169367  59.1340304  59.5365713  59.6997384  60.0049381  60.2830426  60.6179165  60.9608655  61.1486548
[254]  61.2556945  61.4278887  61.5659664  61.9906284  62.1660804  62.4977359  62.5634713  62.6427737  62.9105910  62.9191767  63.3462496
[265]  63.7031352  64.0280384  64.3684157  64.7729224  64.9549154  65.0689034  65.1915877  65.0812896  65.2420076  65.6910148  65.6748404
[276]  65.8822345  66.1547987  66.5165494  66.7989886  67.0229909  67.2779778  67.4829374  67.7248925  68.0585044  68.2574160  68.5538430
[287]  68.7847970  67.9832872  68.1303507  68.3454363  68.5687587  68.7982225  69.0928582  69.4773913  69.7442692  69.9227854  70.0316569
[298]  70.4504031  70.7440469  71.0641700  71.3420501  71.7469749  72.1475193  72.4166944  72.7860402  73.1265011  73.2837293  73.6596540
[309]  73.8724931  73.9752861  74.2357603  74.6736427  74.5283188  74.7555054  75.0560367  75.1765669  75.5781876  75.8200891  75.8502001
[320]  76.1677703  76.3702991  76.5984549  76.8400143  76.9944031  77.1219962  77.4183868  77.5038249  77.8122904  78.1904460  78.1761413
[331]  78.4512322  78.7286996  79.0543550  79.3113403  79.5435828  79.7195622  79.9618971  80.0805743  80.4036875  80.6503830  80.9577668
[342]  81.0965761  81.4762104  81.9541918  82.0552210  82.4551945  82.7075974  82.9106443  83.2777002  83.6128719  83.8853971  84.1146760
[353]  84.3264242  84.6424701  84.8627714  85.0393318  85.1338320  85.2280366  85.6254512  85.8900692  85.8415706  86.1162122  86.1874096
[364]  86.4299196  86.8653063  87.2575997  87.4199060  87.4972440  87.6189756  87.8473685  88.0882551  88.3452388  88.4372316  88.6248069
[375]  89.2969533  89.7108139  89.9969845  90.2584566  90.2876134  90.5461370  90.7480491  90.8176575  91.0624169  91.3650886  91.6396887
[386]  91.9432333  92.2660942  92.2508386  92.6121641  92.9145932  93.1941164  93.3765200  93.8262696  94.0693180  94.7462728  95.1897086
[397]  95.3516942  95.5450235  95.6927529  95.8532038  96.2257634  96.4552437  96.7004406  96.9057590  96.9491876  97.2073436  97.4236459
[408]  97.6721551  98.1010903  98.0457205  98.1914631  98.4855968  98.7333166  98.9885671  99.1870418  99.4781239  99.9216108  99.9963391
[419] 100.3315688 100.6150193 100.8012358 101.0434058 101.3306583 101.6993909 101.8881343 102.1266385 102.4291164 103.1141152 103.3315573
[430] 103.4133491 103.7088985 104.0075978 104.2348458 104.2561688 104.5352321 104.8430524 104.9670745 105.3012148 105.5857665 105.7320102
[441] 105.8942094 106.1228816 106.4909431 106.9544032 107.1471711 107.2773529 107.6177911 107.9581653 108.3004856 108.5130123 108.9687859
[452] 109.3036442 109.5957222 109.7934992 110.0043727 110.1237967 110.4023925 110.6592468 110.8329940 111.1861353 111.4301875 111.8823502
[463] 112.0819839 112.3918525 112.5895769 112.7765254 113.0481669 113.4084411 113.8033488 114.1685327 114.4481546 114.6307271 114.8972105
[474] 115.1940505 115.3457477 115.5575996 115.8539183 116.0457955 116.2965980 116.5742536 116.7591135 116.9550089 117.2130080 117.4943851
[485] 117.8911134 118.2560436 118.0025088 118.0260768 118.3079185 118.4773623 119.0301395 119.0818331 119.3583493 119.5796244 119.9607904
[496] 120.1822329 120.4864415 120.8112567 120.9855919 121.0717145



norm.sum.crit.delta
  [1] 0.01961160 0.04530339 0.05358162 0.05377346 0.05762500 0.06166917 0.06564164 0.07442212 0.07901469 0.08706669 0.08750698 0.08455751 0.09011595
 [14] 0.09022561 0.08811063 0.09398667 0.09804861 0.10350639 0.10898580 0.11257755 0.11244214 0.12135098 0.12548049 0.12935864 0.13039989 0.13552457
 [27] 0.13630123 0.13956197 0.14207801 0.14590376 0.14157534 0.14249179 0.14480635 0.14760457 0.15044292 0.15038298 0.16288765 0.16449109 0.16626001
 [40] 0.16836731 0.17040992 0.17185270 0.17386355 0.17578940 0.17341899 0.17322647 0.17256613 0.17000193 0.17076969 0.17185171 0.16890169 0.16680025
 [53] 0.16761884 0.17323965 0.17445640 0.17569433 0.17577923 0.17560154 0.17776199 0.18047319 0.17963759 0.17986689 0.18110381 0.18250498 0.18425734
 [66] 0.18371304 0.18476862 0.18463062 0.18430025 0.18452608 0.18534782 0.18665918 0.18850088 0.18815375 0.19024761 0.19088118 0.19253245 0.19417219
 [79] 0.19555756 0.19610588 0.19595687 0.19626342 0.19735956 0.19831759 0.19956964 0.20119187 0.20079973 0.20360539 0.20338055 0.20507620 0.20368004
 [92] 0.20388526 0.20470757 0.20508015 0.20632925 0.20680107 0.20630965 0.20591423 0.20673274 0.20785533 0.20832016 0.20824396 0.20932067 0.20954104
[105] 0.21515648 0.21542037 0.21664448 0.21629734 0.21703895 0.21693969 0.21560764 0.21571007 0.21706481 0.21791599 0.21783853 0.21842790 0.21958820
[118] 0.21867519 0.21980611 0.21956890 0.21925871 0.22066492 0.22042106 0.22360673 0.22412554 0.22555475 0.22610182 0.22653905 0.22606487 0.22658866
[131] 0.22594565 0.22523238 0.22498382 0.22535887 0.22629104 0.22679653 0.22621790 0.22762412 0.22778762 0.22728344 0.22716046 0.22627279 0.22640800
[144] 0.22624956 0.22726578 0.22746579 0.22725445 0.22762024 0.22791094 0.22726464 0.22631475 0.22519212 0.22553373 0.22664660 0.22724724 0.22621951
[157] 0.22629958 0.22718387 0.22772576 0.22814809 0.22718743 0.22691004 0.22751272 0.22811263 0.22748211 0.22797799 0.22794339 0.22774985 0.22771941
[170] 0.22882971 0.22933306 0.23009877 0.23088348 0.23112958 0.23120186 0.23190516 0.23112927 0.23223680 0.23298396 0.23244160 0.23172096 0.23157198
[183] 0.23110168 0.23048554 0.23097461 0.23165508 0.23121165 0.23127294 0.23208757 0.23288121 0.23299570 0.23158998 0.23184829 0.23272566 0.23209412
[196] 0.23212542 0.23313061 0.23372192 0.23398774 0.23295913 0.23299169 0.23251746 0.23325414 0.23291786 0.23326939 0.23298622 0.23335217 0.23345262
[209] 0.23422387 0.23362065 0.23428405 0.23491952 0.23555974 0.23539814 0.23503982 0.23573372 0.23544991 0.23458813 0.23517567 0.23481996 0.23495779
[222] 0.23404007 0.23477187 0.23438502 0.23401924 0.23430197 0.23456293 0.23364233 0.23428266 0.23246435 0.23308098 0.23305854 0.23273129 0.23215358
[235] 0.23271013 0.23198054 0.23270927 0.23329370 0.23322939 0.23336545 0.23258445 0.23277366 0.23287477 0.23233497 0.23274385 0.23189816 0.23256473
[248] 0.23229470 0.23257728 0.23275306 0.23314583 0.23356653 0.23339181 0.23291139 0.23268140 0.23232440 0.23304748 0.23283176 0.23320051 0.23257796
[261] 0.23201027 0.23214240 0.23132050 0.23203754 0.23249319 0.23282923 0.23321890 0.23383726 0.23365077 0.23322188 0.23282710 0.23160601 0.23135464
[274] 0.23212373 0.23124944 0.23116574 0.23131048 0.23176498 0.23194093 0.23191346 0.23199303 0.23190013 0.23193456 0.23228159 0.23216808 0.23238591
[287] 0.23238107 0.22889996 0.22862534 0.22858005 0.22856253 0.22856552 0.22878430 0.22929832 0.22942194 0.22925503 0.22886162 0.22948014 0.22968846
[300] 0.22998113 0.23013565 0.23069767 0.23124205 0.23136324 0.23180268 0.23214762 0.23191054 0.23236484 0.23230344 0.23189745 0.23198675 0.23262817
[313] 0.23145441 0.23144119 0.23165443 0.23131251 0.23183493 0.23186572 0.23125061 0.23151298 0.23142515 0.23141527 0.23144583 0.23121442 0.23090418
[326] 0.23109966 0.23066615 0.23089700 0.23133268 0.23060809 0.23073892 0.23087595 0.23115308 0.23122840 0.23123135 0.23107119 0.23110375 0.23077975
[339] 0.23104508 0.23108992 0.23130791 0.23104438 0.23146651 0.23216485 0.23179441 0.23226815 0.23232471 0.23224270 0.23261927 0.23290494 0.23301499
[352] 0.23300464 0.23294592 0.23317485 0.23313948 0.23298447 0.23260610 0.23222898 0.23267786 0.23276442 0.23200424 0.23211917 0.23168658 0.23171560
[365] 0.23226018 0.23268693 0.23249975 0.23208818 0.23179623 0.23178725 0.23181120 0.23187727 0.23151108 0.23139636 0.23254415 0.23301510 0.23315281
[378] 0.23322599 0.23270003 0.23276642 0.23268731 0.23227022 0.23230208 0.23248114 0.23258804 0.23276768 0.23299519 0.23236987 0.23269388 0.23286865
[391] 0.23298529 0.23285915 0.23339868 0.23342263 0.23452048 0.23503632 0.23485639 0.23475436 0.23454106 0.23435991 0.23469698 0.23468429 0.23470981
[404] 0.23463864 0.23417678 0.23423456 0.23419146 0.23422579 0.23469160 0.23399933 0.23378920 0.23393253 0.23396521 0.23401552 0.23393170 0.23406617
[417] 0.23455777 0.23418346 0.23441955 0.23453384 0.23442148 0.23443946 0.23456171 0.23487157 0.23476529 0.23477388 0.23492917 0.23595907 0.23591680
[430] 0.23556572 0.23570204 0.23584489 0.23582544 0.23534124 0.23543971 0.23560236 0.23535219 0.23557319 0.23568251 0.23548332 0.23532047 0.23530572
[443] 0.23559943 0.23610244 0.23600698 0.23577440 0.23600393 0.23623231 0.23646394 0.23641179 0.23688867 0.23710118 0.23722018 0.23713499 0.23707839
[456] 0.23682537 0.23691501 0.23695770 0.23682264 0.23707065 0.23708551 0.23754214 0.23746183 0.23761491 0.23753075 0.23742426 0.23749615 0.23775355
[469] 0.23808232 0.23834767 0.23843366 0.23831752 0.23837596 0.23849700 0.23831766 0.23826309 0.23838255 0.23828705 0.23831270 0.23839316 0.23828391
[482] 0.23819757 0.23823782 0.23832532 0.23864598 0.23890110 0.23790828 0.23747702 0.23756610 0.23742958 0.23806028 0.23768829 0.23776564 0.23773285
[495] 0.23801744 0.23798462 0.23811550 0.23828650 0.23816061 0.23786191