design.optF
       V1 V2 counter counter2
X       0  0       1    0.002
X.1     0 30       1    0.002
X.2     0 60       1    0.002
X.3    15  0       1    0.002
X.4    15 30       1    0.002
X.5    15 60       1    0.002
X.6    30  0      27    0.054
X.7    30 30       1    0.002
X.8    30 60       1    0.002
xnew    7  9     231    0.462
xnew.1  3  0      68    0.136
xnew.2  6  8       3    0.006
xnew.3 30 20       1    0.002
xnew.4  6  9       5    0.010
xnew.5 30 22       1    0.002
xnew.6 30 23       2    0.004
xnew.7 30 24       3    0.006
xnew.8 30 25      27    0.054
xnew.9 30 26     133    0.266
> 


sum.crit.ds
  [1]   10.38071   14.63512   19.91997   24.22137   29.24907   33.16516   37.35551   40.63186   45.28154   49.34595   53.90014   57.83936   61.88799
 [14]   65.15092   69.51215   73.47512   77.78712   81.65936   85.66100   88.31341   92.40044   95.86130  100.03266  104.41164  108.47031  112.63869
 [27]  116.68347  120.58265  124.14842  128.41266  132.31087  136.54996  140.53254  144.45577  148.41859  152.03780  155.95393  160.08994  163.23786
 [40]  167.31527  171.38027  175.44704  179.33879  183.00723  187.22560  191.25522  195.32059  199.34123  203.25308  207.25903  210.94473  214.92801
 [53]  218.98846  222.96368  226.89032  230.12221  234.19230  238.09864  242.15557  246.01034  250.05297  254.09236  258.12704  262.04857  266.07191
 [66]  269.80127  273.80797  277.84513  281.84461  285.77615  289.76561  293.59880  297.57587  301.39750  304.77828  308.82867  312.85184  316.89523
 [79]  320.82274  324.85691  328.61733  332.63848  336.66213  340.67687  344.61078  348.61716  352.52615  356.46565  360.30088  364.28717  368.22909
 [92]  372.20780  375.65387  379.58544  383.62700  387.41050  391.44142  395.45527  399.48046  403.41804  407.43608  411.37033  415.31225  419.15843
[105]  423.15955  427.10402  431.09857  435.01436  438.96308  442.72498  446.70233  450.22424  454.23203  458.26476  462.20616  466.23268  470.18569
[118]  474.12968  477.98483  481.99678  485.94271  489.94886  493.88538  497.83550  501.61539  505.60669  509.55771  513.54360  517.43808  521.41779
[131]  525.01231  528.97974  532.92765  536.79003  540.81018  544.75848  548.77347  552.72608  556.67796  560.62568  564.47443  568.42744  572.42454
[144]  576.36210  580.31846  584.25141  588.15717  591.99101  595.97034  599.60485  603.55626  607.57819  611.54362  615.49691  619.45791  623.31391
[157]  627.26826  631.27420  635.22595  639.18358  643.13114  647.04288  650.88516  654.87517  658.81316  662.77387  666.70786  670.34331  674.29903
[170]  678.27086  682.13295  686.08832  690.10138  694.06475  698.02322  701.98273  705.89922  709.74866  713.74730  717.69806  721.65979  725.60688
[183]  729.52780  733.47080  737.30821  741.22996  745.21019  748.91201  752.88505  756.84559  760.81507  764.73689  768.70245  772.59819  776.55963
[196]  780.52346  784.48150  788.40761  792.36191  796.20630  800.15610  804.12227  808.06881  811.99819  815.94115  819.62881  823.55510  827.52938
[209]  831.42763  835.39809  839.36360  843.33089  847.26133  851.22516  855.07559  859.03527  863.00323  866.95987  870.89356  874.84689  878.74704
[222]  882.69677  886.57077  890.51673  894.21850  898.18537  902.16059  906.09468  910.06668  913.92238  917.89053  921.85990  925.82520  929.76251
[235]  933.72471  937.65060  941.58947  945.46738  949.42274  953.36255  957.31492  961.22397  965.17312  968.89092  972.83482  976.72673  980.69725
[248]  984.67004  988.61043  992.58033  996.51598 1000.45794 1004.33929 1008.30278 1012.24570 1016.20639 1020.13371 1024.07801 1028.00261 1031.87354
[261] 1035.81839 1039.76985 1043.49833 1047.44137 1051.41800 1055.36222 1059.30683 1063.19121 1067.16182 1071.10739 1075.07536 1079.01172 1082.95869
[274] 1086.89248 1090.76711 1094.71467 1098.67397 1102.59464 1106.55121 1110.47714 1114.39910 1118.13966 1122.02674 1126.00363 1129.95148 1133.92588
[287] 1137.87025 1141.81951 1145.76145 1149.63935 1153.58924 1157.55546 1161.49231 1165.44347 1169.37797 1173.30363 1177.17220 1181.13022 1185.05661
[300] 1189.01213 1192.76108 1196.71259 1200.66384 1204.61305 1208.49388 1212.44579 1216.41815 1220.36253 1224.31571 1228.25784 1232.18677 1236.12653
[313] 1240.02338 1243.95304 1247.91528 1251.85031 1255.78115 1259.71385 1263.57723 1267.33353 1271.28719 1275.26507 1279.21620 1283.17113 1287.12013
[326] 1291.05194 1294.99867 1298.89754 1302.84184 1306.79835 1310.74057 1314.67431 1318.61433 1322.48125 1326.41548 1330.37642 1334.31184 1338.24715
[339] 1342.01230 1345.96750 1349.90187 1353.85491 1357.75557 1361.70628 1365.66437 1369.61310 1373.54940 1377.49603 1381.36615 1385.30297 1389.26969
[352] 1393.21193 1397.14984 1401.09002 1405.00676 1408.94479 1412.82867 1416.59981 1420.55635 1424.51582 1428.47045 1432.40905 1436.36167 1440.23470
[365] 1444.18498 1448.14578 1452.09420 1456.03443 1459.98089 1463.90080 1467.84521 1471.73154 1475.67372 1479.61529 1483.55556 1487.47709 1491.25538
[378] 1495.21347 1499.14886 1503.04499 1507.00706 1510.96112 1514.90342 1518.85561 1522.77839 1526.72861 1530.61715 1534.56524 1538.50892 1542.45517
[391] 1546.37958 1550.32391 1554.24641 1558.17160 1562.07220 1566.01250 1569.81471 1573.75887 1577.71630 1581.65221 1585.59722 1589.48779 1593.44129
[404] 1597.38685 1601.33859 1605.26560 1609.21549 1613.14432 1617.07213 1620.97439 1624.92042 1628.84882 1632.79304 1636.71652 1640.50621 1644.45292
[417] 1648.34533 1652.30380 1656.25107 1660.20785 1664.13722 1668.09223 1672.02688 1675.95707 1679.86085 1683.81213 1687.74292 1691.69247 1695.62198
[430] 1699.55351 1703.48131 1707.37788 1711.30986 1715.25393 1719.06466 1723.00631 1726.95592 1730.89596 1734.82831 1738.73347 1742.68961 1746.62257
[443] 1750.57703 1754.51211 1758.44582 1762.37925 1766.27750 1770.21168 1774.16087 1778.09096 1782.02583 1785.95430 1789.75311 1793.68745 1797.59387
[456] 1801.55450 1805.48944 1809.44845 1813.38869 1817.32440 1821.26304 1825.16284 1829.09902 1833.05295 1836.98837 1840.92525 1844.85911 1848.77985
[469] 1852.67296 1856.62180 1860.55238 1864.49027 1868.30821 1872.25324 1876.19077 1880.13427 1884.03549 1887.97349 1891.93183 1895.87220 1899.81093
[482] 1903.74979 1907.67288 1911.56766 1915.52108 1919.45678 1923.39653 1927.33074 1931.25503 1935.18770 1938.99428 1942.89681 1946.83650 1950.79893
[495] 1954.74392 1958.68434 1962.62787 1966.55313 1970.49515 1974.40713


norm.sum.crit.ds
  [1] 1.038071 1.330466 1.659998 1.863182 2.089220 2.211011 2.334719 2.390109 2.515641 2.597155 2.695007 2.754255 2.813090 2.832648 2.896340
 [16] 2.939005 2.991812 3.024421 3.059321 3.045290 3.080015 3.092300 3.126021 3.163989 3.190303 3.218248 3.241208 3.258991 3.267064 3.292632
 [31] 3.307772 3.330487 3.346013 3.359437 3.373150 3.378618 3.390303 3.406169 3.400789 3.414597 3.427605 3.440138 3.448823 3.452967 3.467141
 [46] 3.477368 3.487868 3.497215 3.504363 3.512865 3.515745 3.523410 3.532072 3.539106 3.545161 3.540342 3.548368 3.553711 3.561111 3.565367
 [61] 3.572185 3.578766 3.585098 3.589706 3.595566 3.597350 3.602737 3.608378 3.613392 3.617420 3.622070 3.624677 3.628974 3.631295 3.628313
 [76] 3.633279 3.637812 3.642474 3.645713 3.650078 3.651304 3.655368 3.659371 3.663192 3.666072 3.669654 3.672147 3.674904 3.676540 3.679668
 [91] 3.682291 3.685226 3.682881 3.685296 3.688721 3.689624 3.692844 3.695844 3.698893 3.701083 3.703964 3.706039 3.708145 3.709367 3.711926
[106] 3.713948 3.716367 3.718071 3.720026 3.720378 3.722519 3.720862 3.723213 3.725730 3.727469 3.729861 3.731632 3.733305 3.734256 3.736409
[121] 3.738021 3.740068 3.741556 3.743124 3.743398 3.745235 3.746748 3.748493 3.749551 3.751207 3.750088 3.751629 3.753012 3.753776 3.755626
[136] 3.756955 3.758722 3.760041 3.761338 3.762588 3.763163 3.764420 3.765951 3.767073 3.768302 3.769364 3.770238 3.770643 3.771964 3.771100
[151] 3.772227 3.773778 3.774961 3.776055 3.777182 3.777660 3.778724 3.780085 3.781107 3.782151 3.783124 3.783877 3.784216 3.785406 3.786283
[166] 3.787279 3.788113 3.787250 3.788197 3.789223 3.789627 3.790543 3.791766 3.792704 3.793604 3.794501 3.795157 3.795447 3.796528 3.797344
[181] 3.798209 3.798989 3.799624 3.800367 3.800558 3.801179 3.802093 3.801584 3.802450 3.803244 3.804075 3.804661 3.805458 3.805902 3.806665
[196] 3.807432 3.808163 3.808732 3.809432 3.809600 3.810267 3.811006 3.811645 3.812198 3.812809 3.812227 3.812755 3.813499 3.813888 3.814603
[211] 3.815289 3.815977 3.816492 3.817153 3.817302 3.817935 3.818598 3.819206 3.819709 3.820292 3.820639 3.821198 3.821426 3.821960 3.821447
[226] 3.822065 3.822714 3.823184 3.823810 3.823943 3.824544 3.825145 3.825724 3.826183 3.826741 3.827145 3.827599 3.827803 3.828317 3.828765
[241] 3.829260 3.829578 3.830052 3.829608 3.830058 3.830301 3.830849 3.831401 3.831823 3.832356 3.832754 3.833172 3.833356 3.833851 3.834264
[256] 3.834741 3.835089 3.835498 3.835831 3.835961 3.836364 3.836789 3.836391 3.836782 3.837292 3.837681 3.838068 3.838235 3.838712 3.839095
[271] 3.839555 3.839899 3.840279 3.840609 3.840729 3.841104 3.841517 3.841793 3.842192 3.842481 3.842756 3.842404 3.842557 3.843016 3.843372
[286] 3.843817 3.844156 3.844510 3.844837 3.844948 3.845297 3.845699 3.846001 3.846348 3.846638 3.846897 3.846968 3.847330 3.847586 3.847936
[301] 3.847616 3.847950 3.848282 3.848604 3.848707 3.849034 3.849425 3.849724 3.850049 3.850338 3.850584 3.850861 3.851004 3.851248 3.851590
[316] 3.851847 3.852089 3.852336 3.852370 3.852078 3.852385 3.852765 3.853061 3.853367 3.853653 3.853886 3.854163 3.854295 3.854562 3.854862
[331] 3.855119 3.855350 3.855597 3.855630 3.855859 3.856164 3.856393 3.856620 3.856357 3.856640 3.856862 3.857136 3.857260 3.857525 3.857809
[346] 3.858065 3.858285 3.858532 3.858565 3.858783 3.859082 3.859313 3.859530 3.859752 3.859909 3.860123 3.860188 3.859945 3.860207 3.860476
[361] 3.860731 3.860941 3.861187 3.861219 3.861457 3.861722 3.861953 3.862160 3.862383 3.862535 3.862751 3.862812 3.863020 3.863225 3.863426
[376] 3.863577 3.863356 3.863601 3.863786 3.863869 3.864121 3.864351 3.864550 3.864773 3.864920 3.865136 3.865195 3.865404 3.865600 3.865802
[391] 3.865949 3.866144 3.866285 3.866431 3.866515 3.866698 3.866539 3.866729 3.866952 3.867120 3.867310 3.867367 3.867576 3.867765 3.867968
[406] 3.868110 3.868306 3.868452 3.868594 3.868674 3.868858 3.869000 3.869178 3.869306 3.869118 3.869301 3.869355 3.869564 3.869745 3.869948
[421] 3.870087 3.870284 3.870433 3.870571 3.870647 3.870832 3.870970 3.871150 3.871283 3.871420 3.871548 3.871605 3.871742 3.871905 3.871767
[436] 3.871924 3.872098 3.872250 3.872385 3.872458 3.872644 3.872777 3.872958 3.873095 3.873229 3.873361 3.873416 3.873549 3.873714 3.873837
[451] 3.873969 3.874087 3.873924 3.874055 3.874125 3.874311 3.874441 3.874622 3.874762 3.874892 3.875028 3.875080 3.875210 3.875376 3.875503
[466] 3.875632 3.875754 3.875849 3.875885 3.876037 3.876151 3.876279 3.876158 3.876301 3.876427 3.876566 3.876616 3.876742 3.876909 3.877039
[481] 3.877165 3.877291 3.877384 3.877419 3.877573 3.877690 3.877816 3.877929 3.878022 3.878132 3.877989 3.878038 3.878160 3.878328 3.878460
[496] 3.878583 3.878711 3.878803 3.878927 3.878992




quantile(norm.sum.crit.ds)
      0%      25%      50%      75%     100% 
1.038071 3.744776 3.832555 3.863373 3.878992 

########################################################
> per0.5 <- quantile(norm.sum.crit.ds)[3]-quantile(norm.sum.crit.ds)[1]
> per0.5 / (max(norm.sum.crit.ds)-min(norm.sum.crit.ds))
      50% 
0.9836542 

########################################################
which(norm.sum.crit.ds >= 3*norm.sum.crit.ds[1])[1]
[1] 23



THETA.HAT
           [,1]     [,2]     [,3]      [,4]
  [1,] 7.589648 5.574717 2.829855 1.0000000
  [2,] 7.415497 4.923931 3.171210 0.9597901
  [3,] 7.423292 4.952457 3.189611 0.9593031
  [4,] 7.418164 4.931241 3.412629 0.9425294
  [5,] 7.419748 4.932872 3.399562 0.9446903
  [6,] 7.420471 4.944048 3.128763 0.9635289
  [7,] 7.420358 4.943593 3.136416 0.9629862
  [8,] 7.419502 4.942910 3.144049 0.9614965
  [9,] 7.423486 4.957485 3.153923 0.9612128
 [10,] 7.422115 4.949598 3.271494 0.9529275
 [11,] 7.429053 4.954621 3.193271 0.9683280
 [12,] 7.426583 4.955598 2.984459 0.9816620
 [13,] 7.426082 4.953753 3.043453 0.9778124
 [14,] 7.428616 4.954825 3.006438 0.9855531
 [15,] 7.470756 5.109093 3.106117 0.9834771
 [16,] 7.470757 5.109096 3.106070 0.9834802
 [17,] 7.470763 5.109081 3.105585 0.9835828
 [18,] 7.471466 5.109552 3.141428 0.9813827
 [19,] 7.472805 5.110468 3.209249 0.9772172
 [20,] 7.472749 5.110346 3.208181 0.9774375
 [21,] 7.332653 4.933959 3.156935 0.9801858
 [22,] 7.332921 4.934696 3.121039 0.9823686
 [23,] 7.284121 4.736997 2.983221 0.9851477
 [24,] 7.281697 4.734825 3.001377 0.9811653
 [25,] 7.280980 4.734386 2.950258 0.9842154
 [26,] 7.280626 4.733636 2.992665 0.9816269
 [27,] 7.281338 4.734042 2.981351 0.9841081
 [28,] 7.281379 4.734069 2.983998 0.9839521
 [29,] 7.281387 4.734126 2.985240 0.9836840
 [30,] 7.237103 4.555182 2.861273 0.9861085
 [31,] 7.235690 4.554125 2.776402 0.9910717
 [32,] 7.235670 4.553950 2.771472 0.9921725
 [33,] 7.235708 4.553978 2.773749 0.9920401
 [34,] 7.235471 4.553805 2.759462 0.9928706
 [35,] 7.235453 4.553634 2.754681 0.9939451
 [36,] 7.235791 4.553878 2.774906 0.9927756
 [37,] 7.191886 4.376904 2.657690 0.9946484
 [38,] 7.191859 4.376868 2.657424 0.9947072
 [39,] 7.191763 4.376792 2.651984 0.9950191
 [40,] 7.179957 4.363745 2.648755 0.9951677
 [41,] 7.179929 4.363704 2.650610 0.9950591
 [42,] 7.179917 4.363694 2.650748 0.9950273
 [43,] 7.179972 4.363732 2.654783 0.9947967
 [44,] 7.179962 4.363646 2.651895 0.9954521
 [45,] 7.151875 4.245404 2.573213 0.9965942
 [46,] 7.151640 4.245229 2.556774 0.9975251
 [47,] 7.151884 4.245411 2.573896 0.9965555
 [48,] 7.151898 4.245595 2.581428 0.9948339
 [49,] 7.151798 4.245519 2.574344 0.9952386
 [50,] 7.151782 4.245308 2.565694 0.9972209
 [51,] 7.151232 4.244898 2.526925 0.9994124
 [52,] 7.130185 4.154853 2.470215 1.0000000
 [53,] 7.130949 4.156368 2.469692 1.0000000
 [54,] 7.133338 4.161147 2.476520 1.0000000
 [55,] 7.133659 4.161785 2.476323 1.0000000
 [56,] 7.133057 4.160580 2.474647 1.0000000
 [57,] 7.127370 4.154784 2.474106 1.0000000
 [58,] 7.124940 4.149510 2.475742 1.0000000
 [59,] 7.128819 4.157509 2.486933 1.0000000
 [60,] 7.124509 4.147968 2.501030 0.9993616
 [61,] 7.114502 4.104772 2.472460 0.9997190
 [62,] 7.114820 4.105507 2.467147 1.0000000
 [63,] 7.114413 4.104722 2.466664 0.9998557
 [64,] 7.114500 4.104787 2.474240 0.9994333
 [65,] 7.115644 4.106971 2.474809 1.0000000
 [66,] 7.114675 4.104861 2.482603 0.9996015
 [67,] 7.125813 4.152941 2.514568 0.9991997
 [68,] 7.125707 4.152860 2.505383 0.9997103
 [69,] 7.125684 4.152868 2.507586 0.9991980
 [70,] 7.125736 4.152913 2.512098 0.9989471
 [71,] 7.125895 4.153104 2.513634 0.9986000
 [72,] 7.125967 4.153159 2.519856 0.9982526
 [73,] 7.125498 4.152594 2.515329 0.9992734
 [74,] 7.125613 4.152681 2.525152 0.9987280
 [75,] 7.109019 4.081061 2.477312 0.9993351
 [76,] 7.137130 4.110224 2.484099 0.9990435
 [77,] 7.137268 4.110324 2.498504 0.9982406
 [78,] 7.137329 4.110330 2.494615 0.9991389
 [79,] 7.137214 4.110247 2.482684 0.9998006
 [80,] 7.137218 4.110245 2.482283 0.9998930
 [81,] 7.137283 4.110292 2.488745 0.9995349
 [82,] 7.141903 4.130518 2.502254 0.9993666
 [83,] 7.141968 4.130567 2.509020 0.9989913
 [84,] 7.141993 4.130572 2.507491 0.9993447
 [85,] 7.141897 4.130499 2.497768 0.9998828
 [86,] 7.144603 4.135689 2.504249 1.0000000
 [87,] 7.146655 4.139798 2.503084 1.0000000
 [88,] 7.145751 4.137985 2.503599 1.0000000
 [89,] 7.147572 4.141714 2.508740 1.0000000
 [90,] 7.140141 4.105716 2.487831 1.0000000
 [91,] 7.143907 4.113022 2.485573 1.0000000
 [92,] 7.144651 4.114494 2.487620 1.0000000
 [93,] 7.143615 4.112481 2.488202 1.0000000
 [94,] 7.164777 4.133419 2.489912 1.0000000
 [95,] 7.167385 4.138587 2.496984 1.0000000
 [96,] 7.167278 4.138367 2.497048 1.0000000
 [97,] 7.163560 4.120367 2.486626 1.0000000
 [98,] 7.165229 4.123712 2.485516 1.0000000
 [99,] 7.166178 4.125545 2.488012 1.0000000
[100,] 7.164601 4.122382 2.488996 1.0000000
[101,] 7.164594 4.122368 2.488978 1.0000000
[102,] 7.165592 4.124369 2.488394 1.0000000
[103,] 7.163861 4.120900 2.489407 1.0000000
[104,] 7.164328 4.121855 2.490730 1.0000000
[105,] 7.155559 4.079050 2.465851 1.0000000
[106,] 7.155975 4.079857 2.465596 1.0000000
[107,] 7.153312 4.074580 2.458199 1.0000000
[108,] 7.154878 4.077617 2.457294 1.0000000
[109,] 7.154186 4.076276 2.457694 1.0000000
[110,] 7.155209 4.078301 2.460459 1.0000000
[111,] 7.165824 4.130390 2.490705 1.0000000
[112,] 7.165433 4.129642 2.490935 1.0000000
[113,] 7.225206 4.188477 2.495501 1.0000000
[114,] 7.226770 4.191523 2.499652 1.0000000
[115,] 7.226044 4.190054 2.500102 1.0000000
[116,] 7.226512 4.190966 2.501330 1.0000000
[117,] 7.224658 4.187215 2.502417 1.0000000
[118,] 7.226931 4.191813 2.501085 1.0000000
[119,] 7.224317 4.186716 2.494376 1.0000000
[120,] 7.229063 4.209871 2.507619 1.0000000
[121,] 7.227880 4.207522 2.508332 1.0000000
[122,] 7.231043 4.213964 2.517394 1.0000000
[123,] 7.232172 4.216211 2.516749 1.0000000
[124,] 7.230110 4.212109 2.517927 1.0000000
[125,] 7.229423 4.210711 2.516004 1.0000000
[126,] 7.222331 4.175922 2.496008 1.0000000
[127,] 7.221852 4.174995 2.496291 1.0000000
[128,] 7.221320 4.173941 2.494827 1.0000000
[129,] 7.222811 4.176828 2.493986 1.0000000
[130,] 7.222069 4.175357 2.491968 1.0000000
[131,] 7.223814 4.178737 2.491028 1.0000000
[132,] 7.201192 4.156593 2.489386 1.0000000
[133,] 7.200350 4.154891 2.489888 1.0000000
[134,] 7.204307 4.162600 2.500085 1.0000000
[135,] 7.201728 4.149884 2.492726 1.0000000
[136,] 7.201342 4.149118 2.492963 1.0000000
[137,] 7.203112 4.152499 2.497465 1.0000000
[138,] 7.200380 4.147085 2.499061 1.0000000
[139,] 7.200682 4.147682 2.498885 1.0000000
[140,] 7.202065 4.150489 2.502767 1.0000000
[141,] 7.202832 4.152009 2.502340 1.0000000
[142,] 7.206995 4.172661 2.514361 1.0000000
[143,] 7.206733 4.172136 2.513630 1.0000000
[144,] 7.205987 4.170678 2.514056 1.0000000
[145,] 7.204186 4.167160 2.515082 1.0000000
[146,] 7.204177 4.167142 2.515057 1.0000000
[147,] 7.205158 4.169057 2.514523 1.0000000
[148,] 7.205514 4.169770 2.515488 1.0000000
[149,] 7.207269 4.178525 2.520591 1.0000000
[150,] 7.209049 4.181951 2.519596 1.0000000
[151,] 7.249703 4.221715 2.522390 1.0000000
[152,] 7.247104 4.216693 2.515691 1.0000000
[153,] 7.247050 4.216585 2.515723 1.0000000
[154,] 7.244990 4.212454 2.516925 1.0000000
[155,] 7.243917 4.210383 2.514204 1.0000000
[156,] 7.246157 4.214872 2.512951 1.0000000
[157,] 7.247860 4.223305 2.517800 1.0000000
[158,] 7.248185 4.223963 2.518720 1.0000000
[159,] 7.247559 4.222726 2.519079 1.0000000
[160,] 7.248232 4.224057 2.518693 1.0000000
[161,] 7.246202 4.219950 2.513047 1.0000000
[162,] 7.245233 4.218037 2.513582 1.0000000
[163,] 7.246107 4.219803 2.515992 1.0000000
[164,] 7.244418 4.211401 2.511159 1.0000000
[165,] 7.242833 4.208326 2.512054 1.0000000
[166,] 7.242049 4.206806 2.512496 1.0000000
[167,] 7.242498 4.207697 2.513711 1.0000000
[168,] 7.243293 4.209240 2.513279 1.0000000
[169,] 7.226447 4.192816 2.512146 1.0000000
[170,] 7.229211 4.198159 2.519198 1.0000000
[171,] 7.230024 4.199793 2.518738 1.0000000
[172,] 7.226635 4.182895 2.508944 1.0000000
[173,] 7.225041 4.179866 2.504926 1.0000000
[174,] 7.224869 4.179526 2.505026 1.0000000
[175,] 7.225143 4.180068 2.504866 1.0000000
[176,] 7.226292 4.182389 2.508076 1.0000000
[177,] 7.224459 4.178772 2.509103 1.0000000
[178,] 7.226838 4.183578 2.515701 1.0000000
[179,] 7.223512 4.166911 2.506006 1.0000000
[180,] 7.222175 4.164317 2.506772 1.0000000
[181,] 7.223897 4.167658 2.505785 1.0000000
[182,] 7.224527 4.168909 2.507498 1.0000000
[183,] 7.225782 4.171345 2.506802 1.0000000
[184,] 7.224338 4.168478 2.502908 1.0000000
[185,] 7.223234 4.166336 2.503500 1.0000000
[186,] 7.221021 4.155199 2.497016 1.0000000
[187,] 7.222207 4.157514 2.500181 1.0000000
[188,] 7.222412 4.157907 2.500069 1.0000000
[189,] 7.201622 4.137766 2.498659 1.0000000
[190,] 7.200069 4.134705 2.499575 1.0000000
[191,] 7.199908 4.134381 2.499125 1.0000000
[192,] 7.202613 4.139714 2.497580 1.0000000
[193,] 7.202377 4.139237 2.496925 1.0000000
[194,] 7.200739 4.136008 2.497830 1.0000000
[195,] 7.205728 4.161181 2.512566 1.0000000
[196,] 7.205543 4.160819 2.512674 1.0000000
[197,] 7.207902 4.165529 2.519154 1.0000000
[198,] 7.209080 4.167834 2.518494 1.0000000
[199,] 7.209386 4.168445 2.519327 1.0000000
[200,] 7.211631 4.172843 2.518106 1.0000000
[201,] 7.211861 4.174006 2.518787 1.0000000
[202,] 7.213096 4.176396 2.518078 1.0000000
[203,] 7.211602 4.173446 2.514070 1.0000000
[204,] 7.212590 4.175357 2.513520 1.0000000
[205,] 7.213835 4.177817 2.516838 1.0000000
[206,] 7.214728 4.179547 2.516355 1.0000000
[207,] 7.226593 4.191063 2.517130 1.0000000
[208,] 7.226627 4.191133 2.517227 1.0000000
[209,] 7.225324 4.188530 2.517955 1.0000000
[210,] 7.227819 4.201112 2.525285 1.0000000
[211,] 7.226722 4.198943 2.525927 1.0000000
[212,] 7.225420 4.196320 2.522320 1.0000000
[213,] 7.224342 4.194192 2.522931 1.0000000
[214,] 7.224919 4.195352 2.524518 1.0000000
[215,] 7.225899 4.197288 2.523979 1.0000000
[216,] 7.223129 4.183274 2.515806 1.0000000
[217,] 7.222346 4.181751 2.516259 1.0000000
[218,] 7.220633 4.178353 2.511616 1.0000000
[219,] 7.221908 4.180834 2.510899 1.0000000
[220,] 7.221034 4.179102 2.508548 1.0000000
[221,] 7.221054 4.179140 2.508537 1.0000000
[222,] 7.220258 4.177564 2.506411 1.0000000
[223,] 7.222059 4.181067 2.505453 1.0000000
[224,] 7.225531 4.198690 2.515695 1.0000000
[225,] 7.226553 4.200664 2.515127 1.0000000
[226,] 7.247835 4.221340 2.516499 1.0000000
[227,] 7.248092 4.221860 2.517215 1.0000000
[228,] 7.246148 4.217996 2.518330 1.0000000
[229,] 7.247255 4.220237 2.521402 1.0000000
[230,] 7.243886 4.213546 2.523271 1.0000000
[231,] 7.241520 4.201590 2.516333 1.0000000
[232,] 7.241857 4.202250 2.516137 1.0000000
[233,] 7.242744 4.204020 2.518564 1.0000000
[234,] 7.244113 4.206702 2.517790 1.0000000
[235,] 7.243074 4.204630 2.514969 1.0000000
[236,] 7.244645 4.207709 2.514102 1.0000000
[237,] 7.243069 4.204619 2.514972 1.0000000
[238,] 7.243298 4.205076 2.515587 1.0000000
[239,] 7.242891 4.203013 2.514390 1.0000000
[240,] 7.242886 4.203004 2.514392 1.0000000
[241,] 7.241279 4.199835 2.510106 1.0000000
[242,] 7.241507 4.200278 2.509981 1.0000000
[243,] 7.241487 4.200238 2.509928 1.0000000
[244,] 7.243716 4.204557 2.508741 1.0000000
[245,] 7.235098 4.196212 2.508191 1.0000000
[246,] 7.236796 4.199587 2.507231 1.0000000
[247,] 7.233520 4.183004 2.497628 1.0000000
[248,] 7.234286 4.184534 2.499727 1.0000000
[249,] 7.233864 4.183705 2.499971 1.0000000
[250,] 7.233752 4.183482 2.499667 1.0000000


THETA.HAT[251:500,]
           [,1]     [,2]     [,3] [,4]
  [1,] 7.233055 4.182114 2.500059    1
  [2,] 7.232288 4.180611 2.500490    1
  [3,] 7.232868 4.181766 2.502050    1
  [4,] 7.235247 4.193856 2.509069    1
  [5,] 7.235934 4.195192 2.508678    1
  [6,] 7.235061 4.193465 2.506337    1
  [7,] 7.236674 4.196605 2.505441    1
  [8,] 7.237332 4.197887 2.505074    1
  [9,] 7.239018 4.201225 2.509543    1
 [10,] 7.240422 4.203963 2.508780    1
 [11,] 7.244550 4.224981 2.520958    1
 [12,] 7.244492 4.224868 2.520806    1
 [13,] 7.246237 4.228253 2.519845    1
 [14,] 7.270329 4.251637 2.521349    1
 [15,] 7.269493 4.249945 2.519046    1
 [16,] 7.269034 4.249033 2.519306    1
 [17,] 7.269758 4.250472 2.518896    1
 [18,] 7.270893 4.252770 2.521991    1
 [19,] 7.269792 4.247199 2.518790    1
 [20,] 7.270793 4.249171 2.518214    1
 [21,] 7.269889 4.247361 2.515767    1
 [22,] 7.270960 4.249473 2.515163    1
 [23,] 7.271678 4.250887 2.514759    1
 [24,] 7.269842 4.247211 2.509844    1
 [25,] 7.271619 4.250715 2.508862    1
 [26,] 7.273297 4.259219 2.513727    1
 [27,] 7.273189 4.259003 2.513438    1
 [28,] 7.272411 4.257481 2.513873    1
 [29,] 7.272226 4.257113 2.513382    1
 [30,] 7.272510 4.257670 2.513227    1
 [31,] 7.272499 4.257648 2.513233    1
 [32,] 7.272136 4.256927 2.512279    1
 [33,] 7.274240 4.258968 2.512408    1
 [34,] 7.273324 4.254338 2.509763    1
 [35,] 7.273749 4.255180 2.509515    1
 [36,] 7.273474 4.254627 2.508766    1
 [37,] 7.273692 4.255059 2.508642    1
 [38,] 7.276259 4.260146 2.507175    1
 [39,] 7.275573 4.258765 2.505325    1
 [40,] 7.275261 4.258146 2.505500    1
 [41,] 7.276508 4.264465 2.509103    1
 [42,] 7.276344 4.264138 2.508664    1
 [43,] 7.276652 4.264743 2.508490    1
 [44,] 7.275700 4.262871 2.509029    1
 [45,] 7.275654 4.262779 2.508906    1
 [46,] 7.276185 4.263824 2.508611    1
 [47,] 7.275744 4.262943 2.507444    1
 [48,] 7.272829 4.248137 2.499003    1
 [49,] 7.273118 4.248700 2.498839    1
 [50,] 7.273570 4.249589 2.500024    1
 [51,] 7.273186 4.248844 2.500235    1
 [52,] 7.290606 4.265726 2.501320    1
 [53,] 7.291771 4.268041 2.500648    1
 [54,] 7.291866 4.268233 2.500904    1
 [55,] 7.291094 4.266698 2.501341    1
 [56,] 7.293477 4.278742 2.508178    1
 [57,] 7.292894 4.277574 2.506603    1
 [58,] 7.292079 4.275966 2.507068    1
 [59,] 7.291772 4.275358 2.507244    1
 [60,] 7.290885 4.273584 2.504870    1
 [61,] 7.290907 4.273627 2.504858    1
 [62,] 7.292219 4.276253 2.508355    1
 [63,] 7.293223 4.278235 2.507806    1
 [64,] 7.294319 4.283796 2.510964    1
 [65,] 7.294039 4.283238 2.510219    1
 [66,] 7.294877 4.284882 2.509754    1
 [67,] 7.293859 4.282886 2.510318    1
 [68,] 7.293718 4.282605 2.509947    1
 [69,] 7.292278 4.279782 2.510728    1
 [70,] 7.291691 4.276802 2.509034    1
 [71,] 7.285052 4.270362 2.508626    1
 [72,] 7.285278 4.270815 2.509241    1
 [73,] 7.285383 4.271023 2.509181    1
 [74,] 7.284720 4.269711 2.509560    1
 [75,] 7.284008 4.268282 2.507641    1
 [76,] 7.284017 4.268299 2.507636    1
 [77,] 7.283077 4.266414 2.505113    1
 [78,] 7.283434 4.267121 2.504916    1
 [79,] 7.281685 4.258236 2.499862    1
 [80,] 7.283171 4.261151 2.499013    1
 [81,] 7.283089 4.260987 2.498794    1
 [82,] 7.282961 4.260737 2.498866    1
 [83,] 7.282522 4.259864 2.497705    1
 [84,] 7.282534 4.259887 2.497699    1
 [85,] 7.283772 4.266188 2.501280    1
 [86,] 7.283339 4.265333 2.500138    1
 [87,] 7.283230 4.265120 2.500199    1
 [88,] 7.284018 4.266654 2.499761    1
 [89,] 7.284459 4.267526 2.500915    1
 [90,] 7.284890 4.267943 2.500941    1
 [91,] 7.284584 4.267336 2.501115    1
 [92,] 7.285312 4.268801 2.503078    1
 [93,] 7.284552 4.267291 2.503502    1
 [94,] 7.283966 4.264311 2.501808    1
 [95,] 7.284819 4.265993 2.501317    1
 [96,] 7.283848 4.264056 2.498721    1
 [97,] 7.283879 4.264116 2.498704    1
 [98,] 7.283604 4.263569 2.497973    1
 [99,] 7.284370 4.265076 2.497548    1
[100,] 7.283579 4.261053 2.495265    1
[101,] 7.283521 4.260939 2.495112    1
[102,] 7.283698 4.261284 2.495013    1
[103,] 7.284148 4.262164 2.494759    1
[104,] 7.284524 4.262907 2.495746    1
[105,] 7.284291 4.262452 2.495875    1
[106,] 7.283891 4.261661 2.494829    1
[107,] 7.284760 4.263360 2.494357    1
[108,] 7.282778 4.253256 2.488624    1
[109,] 7.296224 4.266264 2.489458    1
[110,] 7.296283 4.266381 2.489424    1
[111,] 7.294863 4.263546 2.485617    1
[112,] 7.294963 4.263742 2.485560    1
[113,] 7.294084 4.261987 2.483212    1
[114,] 7.293988 4.261798 2.483266    1
[115,] 7.291447 4.248903 2.475987    1
[116,] 7.290604 4.247258 2.476476    1
[117,] 7.291169 4.248373 2.477968    1
[118,] 7.292636 4.251239 2.477131    1
[119,] 7.291992 4.249966 2.475435    1
[120,] 7.291808 4.249607 2.475538    1
[121,] 7.291806 4.249604 2.475534    1
[122,] 7.291761 4.249514 2.475559    1
[123,] 7.289974 4.240429 2.470429    1
[124,] 7.290313 4.241084 2.470237    1
[125,] 7.291073 4.242572 2.472210    1
[126,] 7.292046 4.244458 2.471666    1
[127,] 7.292303 4.244961 2.472330    1
[128,] 7.291819 4.244494 2.472299    1
[129,] 7.290682 4.242254 2.472947    1
[130,] 7.290627 4.242145 2.472979    1
[131,] 7.292001 4.249126 2.476924    1
[132,] 7.292971 4.251049 2.479500    1
[133,] 7.293254 4.251604 2.479337    1
[134,] 7.293596 4.252280 2.480239    1
[135,] 7.293459 4.252013 2.480317    1
[136,] 7.293262 4.251621 2.479796    1
[137,] 7.292833 4.250780 2.480035    1
[138,] 7.289784 4.235266 2.471258    1
[139,] 7.289110 4.233957 2.471644    1
[140,] 7.289446 4.234617 2.472521    1
[141,] 7.289548 4.234814 2.472464    1
[142,] 7.289239 4.234208 2.471662    1
[143,] 7.290393 4.236449 2.471022    1
[144,] 7.290429 4.236519 2.471003    1
[145,] 7.291157 4.237948 2.472882    1
[146,] 7.288411 4.223939 2.464950    1
[147,] 7.287908 4.222971 2.465232    1
[148,] 7.281592 4.216894 2.464830    1
[149,] 7.280690 4.215114 2.462445    1
[150,] 7.280191 4.214138 2.462731    1
[151,] 7.279490 4.212769 2.463132    1
[152,] 7.279423 4.212638 2.462957    1
[153,] 7.279833 4.214728 2.464143    1
[154,] 7.280059 4.215166 2.464013    1
[155,] 7.281095 4.217199 2.466726    1
[156,] 7.281048 4.217108 2.466752    1
[157,] 7.280920 4.216856 2.466417    1
[158,] 7.280856 4.216732 2.466453    1
[159,] 7.279784 4.214651 2.467051    1
[160,] 7.281207 4.217444 2.470741    1
[161,] 7.283204 4.227644 2.476542    1
[162,] 7.283254 4.227742 2.476513    1
[163,] 7.283276 4.227784 2.476568    1
[164,] 7.283509 4.228234 2.476439    1
[165,] 7.283774 4.228748 2.476292    1
[166,] 7.280474 4.225571 2.476086    1
[167,] 7.281626 4.227858 2.479136    1
[168,] 7.279810 4.218592 2.473862    1
[169,] 7.279356 4.217707 2.474124    1
[170,] 7.279559 4.218108 2.474660    1
[171,] 7.279201 4.217410 2.474864    1
[172,] 7.279200 4.217408 2.474860    1
[173,] 7.279323 4.217648 2.474791    1
[174,] 7.278676 4.216387 2.475153    1
[175,] 7.278416 4.215874 2.474474    1
[176,] 7.278666 4.217154 2.475204    1
[177,] 7.278394 4.216628 2.475357    1
[178,] 7.279051 4.217912 2.477063    1
[179,] 7.278834 4.217493 2.477183    1
[180,] 7.279620 4.219014 2.476746    1
[181,] 7.279716 4.219202 2.476994    1
[182,] 7.279474 4.218734 2.477126    1
[183,] 7.280336 4.223151 2.479647    1
[184,] 7.281406 4.225234 2.482401    1
[185,] 7.281264 4.224960 2.482480    1
[186,] 7.277068 4.220923 2.482219    1
[187,] 7.277642 4.222047 2.481891    1
[188,] 7.278090 4.222932 2.483070    1
[189,] 7.278196 4.223141 2.483010    1
[190,] 7.277754 4.222266 2.481850    1
[191,] 7.279383 4.230605 2.486610    1
[192,] 7.279234 4.230315 2.486695    1
[193,] 7.279864 4.231553 2.488342    1
[194,] 7.280933 4.233637 2.487743    1
[195,] 7.281199 4.234157 2.487594    1
[196,] 7.280686 4.233146 2.486259    1
[197,] 7.280238 4.232274 2.486506    1
[198,] 7.279517 4.228577 2.484395    1
[199,] 7.279163 4.227886 2.483480    1
[200,] 7.279347 4.228242 2.483377    1
[201,] 7.279130 4.227820 2.483499    1
[202,] 7.279563 4.228667 2.484613    1
[203,] 7.279704 4.228941 2.484535    1
[204,] 7.275072 4.224484 2.484249    1
[205,] 7.275323 4.224983 2.484913    1
[206,] 7.277377 4.235501 2.490922    1
[207,] 7.277258 4.235268 2.490990    1
[208,] 7.277303 4.235358 2.491109    1
[209,] 7.277650 4.236035 2.490914    1
[210,] 7.278082 4.236882 2.490671    1
[211,] 7.278074 4.236865 2.490648    1
[212,] 7.277029 4.234821 2.491227    1
[213,] 7.276742 4.233349 2.490385    1
[214,] 7.277041 4.233934 2.491163    1
[215,] 7.276770 4.233407 2.491314    1
[216,] 7.277063 4.233978 2.491150    1
[217,] 7.277010 4.233874 2.491014    1
[218,] 7.276493 4.232869 2.491299    1
[219,] 7.276635 4.233147 2.491665    1
[220,] 7.275600 4.227828 2.488621    1
[221,] 7.275679 4.227980 2.488578    1
[222,] 7.275988 4.228578 2.488406    1
[223,] 7.275997 4.228594 2.488427    1
[224,] 7.279068 4.231550 2.488615    1
[225,] 7.279494 4.232384 2.488374    1
[226,] 7.279727 4.232846 2.488987    1
[227,] 7.279530 4.232458 2.489097    1
[228,] 7.279163 4.230579 2.488023    1
[229,] 7.279183 4.230619 2.488075    1
[230,] 7.279072 4.230402 2.488138    1
[231,] 7.278759 4.229792 2.488314    1
[232,] 7.278545 4.229372 2.487758    1
[233,] 7.278706 4.229686 2.487669    1
[234,] 7.278857 4.229981 2.488058    1
[235,] 7.280948 4.240725 2.494201    1
[236,] 7.280431 4.239721 2.494490    1
[237,] 7.281243 4.241298 2.494036    1
[238,] 7.280369 4.239587 2.491779    1
[239,] 7.280452 4.239748 2.491733    1
[240,] 7.280133 4.239124 2.490912    1
[241,] 7.278492 4.235939 2.491805    1
[242,] 7.291592 4.248548 2.492596    1
[243,] 7.291698 4.249092 2.492906    1
[244,] 7.291888 4.249467 2.493407    1
[245,] 7.291291 4.248297 2.493744    1
[246,] 7.291416 4.248543 2.493673    1
[247,] 7.291263 4.248242 2.493272    1
[248,] 7.290939 4.247608 2.493452    1
[249,] 7.290761 4.247256 2.492986    1
[250,] 7.291417 4.248539 2.492626    1