SESEq
             [,1]       [,2]       [,3]        [,4]
  [1,] 0.51446120 1.77277469 1.05377133 0.053970036
  [2,] 0.54665410 1.86119615 1.34948197 0.057659895
  [3,] 0.25628074 0.63410263 0.67573138 0.045524494
  [4,] 0.24602770 0.60705471 0.62686554 0.042075613
  [5,] 0.23186993 0.57277894 0.58034545 0.035585639
  [6,] 0.24119728 0.59671379 0.50500816 0.029445350
  [7,] 0.22998416 0.56892596 0.46256105 0.026470819
  [8,] 0.22039385 0.54532552 0.44318451 0.024202120
  [9,] 0.19106721 0.40206170 0.35960823 0.022391671
 [10,] 0.19243220 0.40447939 0.36353285 0.022660532
 [11,] 0.22285370 0.46846054 0.40299022 0.022423626
 [12,] 0.24504495 0.51540797 0.39399294 0.021179837
 [13,] 0.24090218 0.50657678 0.38676170 0.020711121
 [14,] 0.24836706 0.52225870 0.39039061 0.019300433
 [15,] 0.23708517 0.45699178 0.35833583 0.019561561
 [16,] 0.23108086 0.44539721 0.34073520 0.018424243
 [17,] 0.22551369 0.43466527 0.33189115 0.017465001
 [18,] 0.22167256 0.42725435 0.32329163 0.016948902
 [19,] 0.22231788 0.42847914 0.32640674 0.017135556
 [20,] 0.21764504 0.41947126 0.31893504 0.016346856
 [21,] 0.17049993 0.37621144 0.31289549 0.015466038
 [22,] 0.16863640 0.37213359 0.30035194 0.014665878
 [23,] 0.16209535 0.32221930 0.26452493 0.013680362
 [24,] 0.16457785 0.32714044 0.27101039 0.014062582
 [25,] 0.16476880 0.32753385 0.26120829 0.013408803
 [26,] 0.16452030 0.32701307 0.26162606 0.013419177
 [27,] 0.16423185 0.32644333 0.25934541 0.012853861
 [28,] 0.16165463 0.32132204 0.25212507 0.012432333
 [29,] 0.15922185 0.31648750 0.24828041 0.012065204
 [30,] 0.15659951 0.28549414 0.22545679 0.011440206
 [31,] 0.16616181 0.30293394 0.22765257 0.011392942
 [32,] 0.16451287 0.29992503 0.22460383 0.010984737
 [33,] 0.16228330 0.29586144 0.21904723 0.010662511
 [34,] 0.16054665 0.29269754 0.21297670 0.010300921
 [35,] 0.15922790 0.29029089 0.21053136 0.009959667
 [36,] 0.15813662 0.28830081 0.20877220 0.009853268
 [37,] 0.15819639 0.26752561 0.19349528 0.009475834
 [38,] 0.15630144 0.26432218 0.19102573 0.009226374
 [39,] 0.15454432 0.26135141 0.18648157 0.008963619
 [40,] 0.13088681 0.24294992 0.18304801 0.008775422
 [41,] 0.12943177 0.24024873 0.17953625 0.008571536
 [42,] 0.12801702 0.23762387 0.17749465 0.008368916
 [43,] 0.12668785 0.23515701 0.17440306 0.008193397
 [44,] 0.12571026 0.23334120 0.17268425 0.007978563
 [45,] 0.12511048 0.21824156 0.16191032 0.007738967
 [46,] 0.12457984 0.21731640 0.15857630 0.007538498
 [47,] 0.12420500 0.21666291 0.15800936 0.007500450
 [48,] 0.12564123 0.21916969 0.16047689 0.007632868
 [49,] 0.12459881 0.21735163 0.15738926 0.007453961
 [50,] 0.12722195 0.22192581 0.15980811 0.007374079
 [51,] 0.13075493 0.22808927 0.16015776 0.007328011
 [52,] 0.12982094 0.21508440 0.15122716 0.007143517
 [53,] 0.12873477 0.21332259 0.14879489 0.007011336
 [54,] 0.12809692 0.21238683 0.14835657 0.006906780
 [55,] 0.12702060 0.21061810 0.14606265 0.006780133
 [56,] 0.12597093 0.20884867 0.14471170 0.006656021
 [57,] 0.11132059 0.19810482 0.14286241 0.006568403
 [58,] 0.11085928 0.19715514 0.14149686 0.006470769
 [59,] 0.11115708 0.19787795 0.14239781 0.006433827
 [60,] 0.11385012 0.20243018 0.14601798 0.006560274
 [61,] 0.11231054 0.19164118 0.13871749 0.006420513
 [62,] 0.11163027 0.19049864 0.13665420 0.006305756
 [63,] 0.11085607 0.18915942 0.13565742 0.006213945
 [64,] 0.11025154 0.18812809 0.13459167 0.006153059
 [65,] 0.11032607 0.18830530 0.13457968 0.006068338
 [66,] 0.11006419 0.18780872 0.13401485 0.006025476
 [67,] 0.10987630 0.18330915 0.13190080 0.006115326
 [68,] 0.10943572 0.18257412 0.13005848 0.006008486
 [69,] 0.10901243 0.18186758 0.12968936 0.005968351
 [70,] 0.10835497 0.18077108 0.12847144 0.005900515
 [71,] 0.10779061 0.17983180 0.12787778 0.005845463
 [72,] 0.10724071 0.17891459 0.12692797 0.005791756
 [73,] 0.10798760 0.18015618 0.12743728 0.005724414
 [74,] 0.10770707 0.17968843 0.12705275 0.005699411
 [75,] 0.10771693 0.17300887 0.12206796 0.005598030
 [76,] 0.09807523 0.16688276 0.12125987 0.005605566
 [77,] 0.09830736 0.16727788 0.12175349 0.005624900
 [78,] 0.09875431 0.16803877 0.12197810 0.005554766
 [79,] 0.09874910 0.16802996 0.12069838 0.005476002
 [80,] 0.09817129 0.16704679 0.11993088 0.005400200
 [81,] 0.09777292 0.16636903 0.11925128 0.005360992
 [82,] 0.09709388 0.16164398 0.11649820 0.005367099
 [83,] 0.09673544 0.16104737 0.11588952 0.005332083
 [84,] 0.09636175 0.16042545 0.11530267 0.005255141
 [85,] 0.09624864 0.16023708 0.11412595 0.005184458
 [86,] 0.09656786 0.16086792 0.11472373 0.005164737
 [87,] 0.09643729 0.16072997 0.11397037 0.005127788
 [88,] 0.09596988 0.15991609 0.11298879 0.005069308
 [89,] 0.09580424 0.15971386 0.11297471 0.005031004
 [90,] 0.09524454 0.15431876 0.10934029 0.004975793
 [91,] 0.09607900 0.15580578 0.10965063 0.004994661
 [92,] 0.09564247 0.15512591 0.10920669 0.004942369
 [93,] 0.09522742 0.15441592 0.10833868 0.004889486
 [94,] 0.08805924 0.14986094 0.10756525 0.004878758
 [95,] 0.08825813 0.15029438 0.10805775 0.004864235
 [96,] 0.08781521 0.14953609 0.10709604 0.004810787
 [97,] 0.08708108 0.14470910 0.10392826 0.004763410
 [98,] 0.08697065 0.14458467 0.10330216 0.004732572
 [99,] 0.08664030 0.14406730 0.10297895 0.004688391
[100,] 0.08645710 0.14370722 0.10243905 0.004649329
[101,] 0.08604432 0.14302088 0.10192805 0.004601195
[102,] 0.08575291 0.14257135 0.10116059 0.004561616
[103,] 0.08563429 0.14231389 0.10073368 0.004527931
[104,] 0.08526730 0.14172116 0.10032939 0.004484454
[105,] 0.08523413 0.13793224 0.09775183 0.004451800
[106,] 0.08486941 0.13735544 0.09696247 0.004409762
[107,] 0.08525216 0.13788524 0.09711754 0.004402687
[108,] 0.08514212 0.13775777 0.09658510 0.004376313
[109,] 0.08480460 0.13718949 0.09590302 0.004335752
[110,] 0.08455982 0.13682792 0.09570354 0.004301996
[111,] 0.08578164 0.13748126 0.09652215 0.004416317
[112,] 0.08542125 0.13689161 0.09580248 0.004375101
[113,] 0.08147852 0.13632833 0.09663095 0.004472273
[114,] 0.08139063 0.13623119 0.09665175 0.004446804
[115,] 0.08109642 0.13571448 0.09600908 0.004407539
[116,] 0.08078508 0.13520830 0.09566514 0.004369771
[117,] 0.08079966 0.13517088 0.09544611 0.004346347
[118,] 0.08106408 0.13568929 0.09536012 0.004343172
[119,] 0.08134591 0.13607757 0.09544682 0.004334440
[120,] 0.08121280 0.13401016 0.09429122 0.004353549
[121,] 0.08102340 0.13366001 0.09381821 0.004321184
[122,] 0.08196332 0.13531753 0.09520005 0.004354935
[123,] 0.08178917 0.13506636 0.09465679 0.004327158
[124,] 0.08189255 0.13517069 0.09457194 0.004310026
[125,] 0.08162053 0.13469878 0.09417661 0.004275345
[126,] 0.08153068 0.13164311 0.09211520 0.004247149
[127,] 0.08123736 0.13115510 0.09152288 0.004212298
[128,] 0.08095605 0.13068438 0.09114226 0.004178457
[129,] 0.08090529 0.13064718 0.09075783 0.004159507
[130,] 0.08065922 0.13022675 0.09040117 0.004128097
[131,] 0.08070092 0.13034632 0.09012155 0.004114681
[132,] 0.07598647 0.12702303 0.08996442 0.004087460
[133,] 0.07578193 0.12665454 0.08950172 0.004057929
[134,] 0.07711483 0.12900293 0.09139408 0.004116196
[135,] 0.07665547 0.12598616 0.08940738 0.004086753
[136,] 0.07639393 0.12554461 0.08886422 0.004055175
[137,] 0.07645619 0.12569791 0.08906571 0.004043556
[138,] 0.07700477 0.12651642 0.08956152 0.004051924
[139,] 0.07674915 0.12610563 0.08901141 0.004022547
[140,] 0.07673628 0.12612862 0.08910785 0.004007090
[141,] 0.07654702 0.12584082 0.08862503 0.003982290
[142,] 0.07648213 0.12432862 0.08776914 0.003999792
[143,] 0.07622688 0.12390586 0.08743996 0.003970287
[144,] 0.07602286 0.12355265 0.08700165 0.003943039
[145,] 0.07611359 0.12364798 0.08694563 0.003930127
[146,] 0.07585923 0.12323460 0.08664151 0.003901662
[147,] 0.07572687 0.12304784 0.08623635 0.003881250
[148,] 0.07549704 0.12268519 0.08599207 0.003855103
[149,] 0.07519430 0.12069776 0.08474171 0.003850137
[150,] 0.07532644 0.12095883 0.08461176 0.003844558
[151,] 0.07230856 0.12004394 0.08489557 0.003892109
[152,] 0.07276941 0.12073656 0.08522242 0.003899643
[153,] 0.07253700 0.12034939 0.08473859 0.003872524
[154,] 0.07279885 0.12072325 0.08491010 0.003869470
[155,] 0.07267824 0.12049339 0.08467650 0.003847790
[156,] 0.07307586 0.12121869 0.08485553 0.003857729
[157,] 0.07278755 0.11930343 0.08367616 0.003852965
[158,] 0.07258058 0.11897387 0.08345446 0.003828554
[159,] 0.07239735 0.11865593 0.08306407 0.003804341
[160,] 0.07223874 0.11841487 0.08266228 0.003783452
[161,] 0.07254623 0.11885926 0.08283463 0.003783940
[162,] 0.07242786 0.11863810 0.08254041 0.003763355
[163,] 0.07232237 0.11849101 0.08248100 0.003745798
[164,] 0.07196550 0.11626981 0.08102475 0.003724684
[165,] 0.07203399 0.11633801 0.08096581 0.003713404
[166,] 0.07188665 0.11607911 0.08064182 0.003692286
[167,] 0.07170772 0.11580276 0.08046577 0.003670966
[168,] 0.07158266 0.11562198 0.08011966 0.003653228
[169,] 0.06820583 0.11324844 0.07998886 0.003633848
[170,] 0.06888632 0.11445194 0.08097957 0.003660526
[171,] 0.06878209 0.11430162 0.08065181 0.003643863
[172,] 0.06854177 0.11220422 0.07924561 0.003622531
[173,] 0.06861506 0.11228363 0.07920770 0.003612961
[174,] 0.06842398 0.11196634 0.07881831 0.003590831
[175,] 0.06824525 0.11168122 0.07843286 0.003570202
[176,] 0.06825412 0.11172787 0.07852457 0.003560246
[177,] 0.06847184 0.11203512 0.07866780 0.003557968
[178,] 0.06909580 0.11312335 0.07956435 0.003581441
[179,] 0.06887666 0.11115615 0.07823448 0.003561260
[180,] 0.06889964 0.11115859 0.07813750 0.003549579
[181,] 0.06910527 0.11153512 0.07814994 0.003551122
[182,] 0.06897995 0.11135000 0.07804712 0.003534166
[183,] 0.06900510 0.11142323 0.07787466 0.003526027
[184,] 0.06908899 0.11151955 0.07785109 0.003517974
[185,] 0.06904449 0.11141904 0.07767867 0.003503693
[186,] 0.06877701 0.10956629 0.07643488 0.003484951
[187,] 0.06880192 0.10963687 0.07654097 0.003476795
[188,] 0.06862985 0.10936778 0.07618825 0.003457844
[189,] 0.06574117 0.10737651 0.07620701 0.003442916
[190,] 0.06588067 0.10756399 0.07626754 0.003438103
[191,] 0.06571355 0.10728684 0.07605309 0.003418920
[192,] 0.06654520 0.10871572 0.07677668 0.003455182
[193,] 0.06638153 0.10844194 0.07656123 0.003436289
[194,] 0.06654733 0.10866975 0.07665697 0.003432876
[195,] 0.06682512 0.10840294 0.07662667 0.003467359
[196,] 0.06666043 0.10813105 0.07629594 0.003448628
[197,] 0.06729575 0.10922506 0.07719444 0.003473740
[198,] 0.06731929 0.10929373 0.07703693 0.003466405
[199,] 0.06716929 0.10905848 0.07688011 0.003449115
[200,] 0.06766898 0.10992827 0.07723626 0.003467556
[201,] 0.06741003 0.10840553 0.07624608 0.003457519
[202,] 0.06745598 0.10851049 0.07611530 0.003451630
[203,] 0.06758076 0.10867216 0.07613852 0.003446790
[204,] 0.06755295 0.10865231 0.07593548 0.003436965
[205,] 0.06761383 0.10878289 0.07608640 0.003431742
[206,] 0.06756284 0.10872338 0.07586320 0.003420765
[207,] 0.06498810 0.10714144 0.07561770 0.003418554
[208,] 0.06483513 0.10689024 0.07543472 0.003401238
[209,] 0.06489946 0.10696217 0.07541479 0.003393814
[210,] 0.06481896 0.10597719 0.07483895 0.003400583
[211,] 0.06482160 0.10595364 0.07474175 0.003390313
[212,] 0.06490345 0.10605318 0.07473163 0.003384167
[213,] 0.06489943 0.10601925 0.07462788 0.003373707
[214,] 0.06480425 0.10587895 0.07455357 0.003360381
[215,] 0.06479430 0.10588755 0.07438199 0.003352099
[216,] 0.06462105 0.10434928 0.07333704 0.003336061
[217,] 0.06455032 0.10421597 0.07315232 0.003322851
[218,] 0.06481023 0.10459214 0.07331714 0.003325840
[219,] 0.06489574 0.10476142 0.07324825 0.003323036
[220,] 0.06485150 0.10466785 0.07312937 0.003311360
[221,] 0.06470748 0.10443588 0.07284213 0.003295557
[222,] 0.06464723 0.10431856 0.07271177 0.003283366
[223,] 0.06495109 0.10485310 0.07287808 0.003292394
[224,] 0.06503186 0.10431772 0.07261394 0.003310129
[225,] 0.06503892 0.10435356 0.07246902 0.003303282
[226,] 0.06296554 0.10335090 0.07241079 0.003316029
[227,] 0.06284167 0.10315422 0.07228022 0.003301410
[228,] 0.06321944 0.10372564 0.07265257 0.003310750
[229,] 0.06327944 0.10385281 0.07279534 0.003306721
[230,] 0.06466058 0.10603328 0.07436503 0.003366656
[231,] 0.06447460 0.10456757 0.07337800 0.003351198
[232,] 0.06435679 0.10438482 0.07311293 0.003337264
[233,] 0.06434512 0.10438855 0.07315681 0.003329291
[234,] 0.06447812 0.10463817 0.07314756 0.003329602
[235,] 0.06449001 0.10463094 0.07308022 0.003321184
[236,] 0.06470407 0.10501725 0.07315836 0.003325936
[237,] 0.06488953 0.10527901 0.07329959 0.003325772
[238,] 0.06476508 0.10508301 0.07316871 0.003311661
[239,] 0.06454332 0.10377810 0.07231539 0.003300905
[240,] 0.06441087 0.10356504 0.07205281 0.003286343
[241,] 0.06463677 0.10388828 0.07218790 0.003288604
[242,] 0.06451446 0.10369719 0.07193203 0.003274934
[243,] 0.06438357 0.10348633 0.07177851 0.003260665
[244,] 0.06493467 0.10442610 0.07221681 0.003283352
[245,] 0.06269905 0.10285284 0.07206896 0.003270397
[246,] 0.06299911 0.10338773 0.07225234 0.003280399
[247,] 0.06290451 0.10207330 0.07135736 0.003266686
[248,] 0.06287549 0.10204548 0.07137253 0.003258326
[249,] 0.06277244 0.10186798 0.07115923 0.003245079
[250,] 0.06264952 0.10166574 0.07100604 0.003231236


SESEq[251:500,]
             [,1]       [,2]       [,3]        [,4]
  [1,] 0.06258860 0.10154999 0.07085048 0.003220003
  [2,] 0.06254223 0.10145622 0.07071515 0.003209566
  [3,] 0.06247587 0.10136303 0.07067409 0.003199448
  [4,] 0.06244516 0.10068144 0.07028730 0.003207389
  [5,] 0.06239761 0.10062096 0.07010889 0.003198543
  [6,] 0.06238303 0.10057627 0.07002761 0.003189895
  [7,] 0.06264374 0.10103479 0.07017011 0.003197873
  [8,] 0.06259135 0.10096587 0.06999042 0.003188915
  [9,] 0.06290337 0.10151057 0.07044677 0.003199262
 [10,] 0.06307194 0.10181616 0.07049390 0.003202378
 [11,] 0.06330524 0.10173222 0.07054077 0.003229337
 [12,] 0.06318604 0.10153929 0.07039839 0.003216203
 [13,] 0.06350379 0.10209106 0.07060034 0.003227258
 [14,] 0.06187797 0.10148634 0.07065237 0.003246589
 [15,] 0.06186208 0.10143925 0.07057004 0.003238042
 [16,] 0.06177344 0.10128272 0.07038141 0.003225939
 [17,] 0.06174240 0.10124946 0.07022563 0.003218252
 [18,] 0.06183510 0.10143010 0.07040391 0.003217266
 [19,] 0.06164619 0.10023997 0.06962313 0.003205719
 [20,] 0.06168915 0.10033362 0.06954391 0.003202252
 [21,] 0.06169282 0.10031749 0.06948143 0.003194925
 [22,] 0.06175738 0.10044797 0.06942611 0.003192706
 [23,] 0.06172745 0.10041637 0.06927596 0.003185300
 [24,] 0.06210482 0.10098504 0.06957095 0.003196486
 [25,] 0.06246396 0.10161183 0.06982695 0.003210264
 [26,] 0.06237705 0.10084445 0.06937257 0.003212805
 [27,] 0.06226668 0.10066341 0.06923731 0.003200442
 [28,] 0.06223552 0.10059477 0.06912953 0.003191443
 [29,] 0.06212884 0.10041791 0.06899367 0.003179355
 [30,] 0.06203355 0.10027054 0.06878648 0.003168308
 [31,] 0.06192454 0.10009407 0.06857384 0.003156350
 [32,] 0.06183239 0.09993644 0.06844330 0.003145009
 [33,] 0.05998291 0.09869412 0.06825530 0.003137754
 [34,] 0.05980699 0.09760058 0.06754493 0.003127410
 [35,] 0.05973495 0.09749293 0.06736061 0.003117820
 [36,] 0.05964137 0.09733364 0.06723192 0.003106509
 [37,] 0.05954802 0.09718635 0.06703119 0.003095685
 [38,] 0.06046950 0.09875085 0.06790649 0.003140129
 [39,] 0.06043297 0.09867457 0.06781521 0.003131453
 [40,] 0.06034183 0.09851839 0.06763338 0.003120260
 [41,] 0.06023518 0.09773786 0.06716270 0.003120162
 [42,] 0.06013601 0.09757311 0.06703665 0.003108817
 [43,] 0.06005171 0.09744337 0.06684671 0.003098719
 [44,] 0.06007867 0.09746529 0.06681648 0.003093125
 [45,] 0.05997802 0.09730092 0.06669679 0.003081938
 [46,] 0.05992510 0.09722723 0.06653845 0.003073857
 [47,] 0.05985167 0.09709775 0.06642432 0.003063861
 [48,] 0.05979185 0.09609297 0.06574677 0.003053361
 [49,] 0.05970834 0.09596520 0.06556301 0.003043570
 [50,] 0.05964597 0.09587526 0.06551788 0.003035015
 [51,] 0.05956673 0.09573938 0.06535808 0.003024844
 [52,] 0.05811888 0.09505898 0.06532218 0.003034629
 [53,] 0.05824942 0.09529917 0.06535487 0.003036933
 [54,] 0.05815710 0.09515035 0.06525282 0.003026513
 [55,] 0.05814959 0.09512044 0.06518401 0.003019658
 [56,] 0.05816078 0.09467094 0.06495147 0.003028803
 [57,] 0.05811780 0.09458758 0.06486210 0.003020482
 [58,] 0.05812112 0.09457473 0.06480665 0.003014194
 [59,] 0.05804032 0.09443637 0.06464495 0.003004140
 [60,] 0.05806782 0.09446079 0.06461580 0.002999319
 [61,] 0.05797585 0.09431167 0.06443417 0.002989102
 [62,] 0.05817513 0.09466603 0.06473291 0.002994993
 [63,] 0.05824753 0.09480639 0.06470909 0.002994274
 [64,] 0.05814847 0.09409930 0.06428173 0.002993787
 [65,] 0.05806758 0.09396208 0.06417081 0.002984026
 [66,] 0.05809259 0.09402096 0.06409899 0.002980738
 [67,] 0.05815338 0.09409698 0.06411560 0.002977483
 [68,] 0.05806496 0.09395073 0.06400533 0.002967542
 [69,] 0.05827997 0.09426692 0.06420319 0.002971783
 [70,] 0.05813012 0.09337086 0.06362444 0.002963694
 [71,] 0.05656698 0.09226890 0.06352386 0.002954751
 [72,] 0.05649076 0.09214968 0.06344817 0.002945733
 [73,] 0.05640700 0.09201534 0.06327599 0.002936242
 [74,] 0.05638616 0.09196681 0.06319550 0.002929327
 [75,] 0.05637929 0.09193962 0.06313993 0.002923264
 [76,] 0.05629389 0.09180054 0.06297064 0.002913735
 [77,] 0.05634916 0.09186958 0.06297102 0.002910787
 [78,] 0.05628769 0.09177717 0.06282068 0.002902904
 [79,] 0.05617559 0.09087812 0.06222631 0.002893369
 [80,] 0.05646130 0.09137224 0.06243213 0.002904528
 [81,] 0.05637738 0.09123463 0.06233043 0.002895144
 [82,] 0.05629495 0.09109851 0.06217125 0.002885824
 [83,] 0.05623984 0.09099971 0.06208042 0.002877739
 [84,] 0.05615670 0.09086545 0.06191807 0.002868592
 [85,] 0.05608379 0.09027697 0.06156740 0.002869591
 [86,] 0.05602924 0.09017989 0.06147833 0.002861628
 [87,] 0.05594802 0.09004689 0.06132211 0.002852521
 [88,] 0.05597251 0.09010276 0.06126030 0.002849717
 [89,] 0.05592711 0.09003912 0.06123226 0.002842968
 [90,] 0.05450720 0.08907355 0.06109429 0.002836816
 [91,] 0.05444126 0.08895928 0.06095995 0.002828337
 [92,] 0.05446131 0.08900796 0.06102203 0.002825240
 [93,] 0.05447258 0.08901014 0.06098611 0.002820378
 [94,] 0.05434084 0.08820818 0.06046920 0.002813120
 [95,] 0.05439268 0.08831018 0.06043844 0.002811964
 [96,] 0.05447087 0.08841632 0.06046481 0.002810622
 [97,] 0.05439363 0.08829159 0.06031202 0.002802049
 [98,] 0.05432714 0.08817781 0.06021874 0.002793845
 [99,] 0.05435401 0.08823741 0.06016429 0.002791380
[100,] 0.05422785 0.08745035 0.05965451 0.002783835
[101,] 0.05415153 0.08732607 0.05956366 0.002775375
[102,] 0.05408209 0.08721769 0.05941810 0.002767466
[103,] 0.05404396 0.08716536 0.05930116 0.002761469
[104,] 0.05399602 0.08709587 0.05926617 0.002754863
[105,] 0.05392794 0.08698132 0.05913368 0.002746754
[106,] 0.05387754 0.08689174 0.05905263 0.002739528
[107,] 0.05393575 0.08700330 0.05903319 0.002738909
[108,] 0.05386320 0.08623950 0.05852473 0.002730842
[109,] 0.05272174 0.08566662 0.05848040 0.002736755
[110,] 0.05265037 0.08555185 0.05833754 0.002728763
[111,] 0.05293300 0.08598141 0.05856614 0.002738030
[112,] 0.05286317 0.08587002 0.05842469 0.002730189
[113,] 0.05292440 0.08595111 0.05843900 0.002728424
[114,] 0.05285326 0.08583362 0.05830166 0.002720382
[115,] 0.05282800 0.08512094 0.05782585 0.002713302
[116,] 0.05287430 0.08517873 0.05783611 0.002710662
[117,] 0.05286509 0.08517540 0.05785410 0.002706365
[118,] 0.05317990 0.08571213 0.05810292 0.002719619
[119,] 0.05317789 0.08569565 0.05806152 0.002714852
[120,] 0.05311110 0.08558434 0.05793320 0.002707085
[121,] 0.05304022 0.08547009 0.05785252 0.002699336
[122,] 0.05296964 0.08535543 0.05771761 0.002691559
[123,] 0.05289300 0.08462951 0.05723868 0.002683862
[124,] 0.05284557 0.08456025 0.05712086 0.002677674
[125,] 0.05288515 0.08463879 0.05720148 0.002676136
[126,] 0.05298699 0.08482089 0.05723076 0.002678104
[127,] 0.05293115 0.08473666 0.05718107 0.002671432
[128,] 0.05170982 0.08390354 0.05706709 0.002665867
[129,] 0.05186483 0.08413220 0.05720745 0.002668764
[130,] 0.05179737 0.08402166 0.05707737 0.002661245
[131,] 0.05175923 0.08359145 0.05683146 0.002663945
[132,] 0.05187334 0.08379534 0.05700707 0.002666502
[133,] 0.05182281 0.08371931 0.05688792 0.002660184
[134,] 0.05178004 0.08365711 0.05685653 0.002654284
[135,] 0.05171569 0.08355045 0.05673276 0.002646922
[136,] 0.05165497 0.08344838 0.05665234 0.002639786
[137,] 0.05161816 0.08338046 0.05656623 0.002633618
[138,] 0.05166487 0.08279519 0.05616767 0.002628912
[139,] 0.05167529 0.08279886 0.05613933 0.002624979
[140,] 0.05163298 0.08273769 0.05610826 0.002619222
[141,] 0.05157019 0.08263904 0.05598301 0.002612307
[142,] 0.05152012 0.08255275 0.05590931 0.002605772
[143,] 0.05169993 0.08286316 0.05602385 0.002612092
[144,] 0.05163544 0.08276049 0.05589946 0.002605102
[145,] 0.05167219 0.08283373 0.05597454 0.002603703
[146,] 0.05169207 0.08224023 0.05557137 0.002598373
[147,] 0.05166867 0.08219348 0.05550420 0.002593025
[148,] 0.05053172 0.08139879 0.05544223 0.002586634
[149,] 0.05061551 0.08151600 0.05548274 0.002586587
[150,] 0.05059481 0.08147303 0.05541862 0.002581385
[151,] 0.05061741 0.08149587 0.05540708 0.002578246
[152,] 0.05055535 0.08139465 0.05533271 0.002571371
[153,] 0.05046865 0.08086014 0.05500148 0.002568912
[154,] 0.05041781 0.08078295 0.05488880 0.002562894
[155,] 0.05056551 0.08103967 0.05510132 0.002567480
[156,] 0.05050386 0.08093997 0.05498345 0.002560699
[157,] 0.05044450 0.08084236 0.05490927 0.002554023
[158,] 0.05038351 0.08074340 0.05479317 0.002547306
[159,] 0.05052360 0.08094758 0.05491883 0.002549902
[160,] 0.05084711 0.08149362 0.05534208 0.002563639
[161,] 0.05088454 0.08127506 0.05523956 0.002571561
[162,] 0.05082420 0.08117962 0.05512178 0.002564998
[163,] 0.05076346 0.08108302 0.05505420 0.002558416
[164,] 0.05071416 0.08100865 0.05494501 0.002552609
[165,] 0.05066829 0.08094038 0.05483936 0.002547040
[166,] 0.04959570 0.08019573 0.05475546 0.002541343
[167,] 0.04979686 0.08054358 0.05503595 0.002548946
[168,] 0.04974555 0.07993365 0.05462834 0.002542504
[169,] 0.04972185 0.07988701 0.05456275 0.002537429
[170,] 0.04967254 0.07981170 0.05451654 0.002531599
[171,] 0.04963520 0.07974497 0.05443422 0.002525950
[172,] 0.04957689 0.07965126 0.05436749 0.002519576
[173,] 0.04952255 0.07956627 0.05425630 0.002513519
[174,] 0.04953757 0.07957826 0.05423876 0.002510350
[175,] 0.04949065 0.07949791 0.05417131 0.002504430
[176,] 0.04940581 0.07898778 0.05385063 0.002501562
[177,] 0.04936014 0.07890977 0.05375875 0.002495678
[178,] 0.04938938 0.07896883 0.05382133 0.002494269
[179,] 0.04933937 0.07888489 0.05372390 0.002488244
[180,] 0.04940219 0.07899979 0.05372776 0.002488784
[181,] 0.04934780 0.07891462 0.05367083 0.002482817
[182,] 0.04930016 0.07883400 0.05357744 0.002476953
[183,] 0.04924637 0.07842581 0.05333067 0.002477167
[184,] 0.04941288 0.07871079 0.05356187 0.002482988
[185,] 0.04935925 0.07862277 0.05346000 0.002476922
[186,] 0.04835827 0.07792479 0.05339027 0.002471449
[187,] 0.04837058 0.07795524 0.05334477 0.002469344
[188,] 0.04835769 0.07794291 0.05335086 0.002465759
[189,] 0.04830602 0.07786159 0.05324558 0.002460018
[190,] 0.04828602 0.07782105 0.05319856 0.002455518
[191,] 0.04829610 0.07757259 0.05306884 0.002460853
[192,] 0.04824505 0.07748788 0.05297017 0.002454948
[193,] 0.04827200 0.07754286 0.05302892 0.002453578
[194,] 0.04844156 0.07783478 0.05314636 0.002459922
[195,] 0.04840294 0.07777760 0.05305302 0.002455040
[196,] 0.04839567 0.07775637 0.05301690 0.002451194
[197,] 0.04837648 0.07771736 0.05296071 0.002446728
[198,] 0.04829137 0.07717153 0.05260332 0.002441354
[199,] 0.04825951 0.07711416 0.05254870 0.002436417
[200,] 0.04821402 0.07704477 0.05245079 0.002431183
[201,] 0.04816843 0.07696802 0.05236180 0.002425644
[202,] 0.04815441 0.07695351 0.05236526 0.002422158
[203,] 0.04810649 0.07687945 0.05226653 0.002416826
[204,] 0.04717163 0.07622752 0.05220707 0.002411648
[205,] 0.04713450 0.07617218 0.05217617 0.002406895
[206,] 0.04719664 0.07605155 0.05213692 0.002415820
[207,] 0.04714734 0.07596998 0.05204146 0.002410177
[208,] 0.04709702 0.07588972 0.05198578 0.002404640
[209,] 0.04707189 0.07585544 0.05190754 0.002400645
[210,] 0.04706069 0.07584515 0.05184323 0.002397455
[211,] 0.04701001 0.07576331 0.05178462 0.002391906
[212,] 0.04716351 0.07599194 0.05193325 0.002395902
[213,] 0.04708030 0.07549595 0.05161274 0.002391666
[214,] 0.04704956 0.07545201 0.05159122 0.002387361
[215,] 0.04701170 0.07538651 0.05151314 0.002382289
[216,] 0.04698039 0.07534148 0.05143080 0.002378031
[217,] 0.04693066 0.07526079 0.05137152 0.002372579
[218,] 0.04692901 0.07524903 0.05133895 0.002369195
[219,] 0.04688427 0.07517984 0.05129452 0.002364159
[220,] 0.04681566 0.07467124 0.05095684 0.002358853
[221,] 0.04676808 0.07459671 0.05086224 0.002353663
[222,] 0.04673967 0.07455674 0.05078411 0.002349646
[223,] 0.04669072 0.07447880 0.05072907 0.002344358
[224,] 0.04583607 0.07392497 0.05064576 0.002342073
[225,] 0.04582759 0.07391876 0.05058706 0.002339170
[226,] 0.04579245 0.07386624 0.05055729 0.002334723
[227,] 0.04575128 0.07379638 0.05047584 0.002329676
[228,] 0.04567293 0.07332326 0.05016934 0.002325476
[229,] 0.04562584 0.07324801 0.05011637 0.002320326
[230,] 0.04558040 0.07317316 0.05002893 0.002315164
[231,] 0.04555099 0.07312057 0.04996360 0.002310684
[232,] 0.04551191 0.07305410 0.04990849 0.002305834
[233,] 0.04547144 0.07299190 0.04982176 0.002301192
[234,] 0.04543041 0.07292866 0.04978170 0.002296507
[235,] 0.04551166 0.07287248 0.04978221 0.002306141
[236,] 0.04551506 0.07286915 0.04975726 0.002303198
[237,] 0.04560592 0.07302844 0.04980127 0.002305731
[238,] 0.04570709 0.07317530 0.04986890 0.002307604
[239,] 0.04566264 0.07310554 0.04978013 0.002302739
[240,] 0.04563467 0.07305526 0.04973276 0.002298462
[241,] 0.04610676 0.07378280 0.05024163 0.002318261
[242,] 0.04544124 0.07352958 0.05026023 0.002325720
[243,] 0.04537054 0.07310769 0.04999360 0.002323000
[244,] 0.04533373 0.07305171 0.04995999 0.002318556
[245,] 0.04535622 0.07307764 0.04995835 0.002316547
[246,] 0.04531488 0.07301321 0.04987198 0.002311872
[247,] 0.04527340 0.07294371 0.04981699 0.002307011
[248,] 0.04524723 0.07289596 0.04975680 0.002302779
[249,] 0.04520757 0.07282896 0.04970272 0.002298030
[250,] 0.04525342 0.07291410 0.04970233 0.002298247