design.optF
        V1 V2 counter counter2
X        0  0       1    0.002
X.1      0 30       1    0.002
X.2      0 60       1    0.002
X.3     15  0       1    0.002
X.4     15 30       1    0.002
X.5     15 60       1    0.002
X.6     30  0      18    0.036
X.7     30 30      13    0.026
X.8     30 60       1    0.002
xnew     8  9       1    0.002
xnew.1   3  0      54    0.108
xnew.2   6  8       2    0.004
xnew.3  30 18       1    0.002
xnew.4   6  9       1    0.002
xnew.5   7  9     199    0.398
xnew.6  30 22       1    0.002
xnew.7  30 21       1    0.002
xnew.8  30 27       1    0.002
xnew.9  30 29       9    0.018
xnew.10 30 32      97    0.194
xnew.11 30 31      18    0.036
xnew.12 30 28       1    0.002
xnew.13 30 33      10    0.020


norm.sum.crit.ds
  [1] 1.205377 1.091863 1.345465 1.203313 1.394613 1.951243 2.042402 2.033834 2.123958 1.959065 2.538067 3.186678 3.068878 3.493698 3.245561
 [16] 3.309851 3.372311 3.295299 3.641112 3.752100 3.816222 3.842655 4.231910 4.197238 4.254571 4.285035 4.265571 4.289104 4.297961 4.350877
 [31] 4.363587 4.689501 4.718671 4.750032 4.758731 4.776416 4.729769 4.776392 4.948596 4.907912 4.917832 4.936891 4.931755 5.015975 4.843527
 [46] 4.825539 4.758180 4.588107 4.696628 4.562530 4.407407 4.286353 4.339802 4.563543 4.604618 4.673935 4.655536 4.619855 4.751687 4.590061
 [61] 4.891112 4.968708 4.971401 4.956702 5.076136 5.030047 5.004109 5.075427 5.190508 5.326301 5.314430 5.301701 5.225196 5.327249 5.204306
 [76] 5.236931 5.170273 5.431118 5.391871 5.420078 5.405117 5.421137 5.401924 5.464290 5.365736 5.311538 5.287406 5.287767 5.257999 5.101121
 [91] 5.033557 5.042201 5.145160 5.180770 5.138774 5.159690 5.240932 5.313310 5.360823 5.333848 5.357415 5.356846 5.327645 5.340203 5.469190
[106] 5.501013 5.436678 5.372008 5.371942 5.417953 5.526963 5.533822 5.637441 5.573645 5.569059 5.595414 5.759193 5.847994 5.789676 5.841319
[121] 5.821515 5.938665 5.988617 6.067395 6.105254 6.343604 6.368474 6.364273 6.373966 6.367849 6.356712 6.368519 6.374772 6.349519 6.423410
[136] 6.426425 6.416680 6.431282 6.446413 6.438086 6.431303 6.391350 6.389733 6.385426 6.397890 6.398676 6.391823 6.390107 6.386764 6.320391
[151] 6.335204 6.351657 6.351767 6.338443 6.330438 6.314633 6.315370 6.341426 6.345615 6.349775 6.334259 6.328188 6.329900 6.308513 6.319120
[166] 6.313489 6.344440 6.339347 6.348090 6.365555 6.370785 6.379739 6.317964 6.319393 6.321099 6.328840 6.316973 6.333304 6.323752 6.331921
[181] 6.267819 6.271744 6.279318 6.268479 6.261624 6.268773 6.260575 6.267427 6.252860 6.209627 6.208212 6.225486 6.223267 6.212787 6.202219
[196] 6.200073 6.324267 6.316308 6.318255 6.331999 6.332955 6.340356 6.329268 6.335018 6.342547 6.312574 6.309905 6.309555 6.318338 6.322126
[211] 6.329338 6.337187 6.396703 6.398068 6.438646 6.430582 6.435665 6.423013 6.430750 6.423795 6.422900 6.390770 6.378402 6.384684 6.377396
[226] 6.384580 6.382499 6.395164 6.455432 6.433079 6.439946 6.441759 6.447257 6.455612 6.446584 6.381582 6.389838 6.389542 6.386993 6.386591
[241] 6.397228 6.395175 6.394375 6.407582 6.381975 6.369889 6.360391 6.365055 6.361950 6.360242 6.364625 6.358710 6.392775 6.388045 6.392086
[256] 6.385077 6.395077 6.389857 6.378449 6.367923 6.315865 6.314754 6.323708 6.286964 6.280399 6.277224 6.271795 6.279142 6.274703 6.236867
[271] 6.229998 6.236595 6.231255 6.218057 6.228965 6.225772 6.225958 6.268974 6.267044 6.268458 6.267970 6.270127 6.270310 6.273347 6.275357
[286] 6.267064 6.265066 6.281240 6.274166 6.274509 6.275718 6.273843 6.271323 6.264453 6.266727 6.262770 6.265464 6.273445 6.274896 6.277174
[301] 6.278925 6.334643 6.341808 6.341781 6.336277 6.331301 6.334920 6.339916 6.337027 6.297892 6.297216 6.305600 6.311530 6.308380 6.328679
[316] 6.333616 6.339705 6.336240 6.326957 6.329145 6.326259 6.324508 6.323211 6.318414 6.312367 6.317047 6.323123 6.320152 6.325227 6.334418
[331] 6.332988 6.331651 6.327493 6.331248 6.332466 6.328622 6.328822 6.332284 6.327204 6.327184 6.324733 6.328991 6.368847 6.365956 6.359525
[346] 6.352000 6.351703 6.348988 6.353454 6.356017 6.354780 6.355505 6.351881 6.353760 6.351720 6.348120 6.352886 6.398477 6.403996 6.403920
[361] 6.392831 6.393016 6.384898 6.390789 6.398122 6.391806 6.419393 6.408717 6.412859 6.413573 6.413430 6.413167 6.418712 6.420181 6.455976
[376] 6.448761 6.446861 6.446755 6.438642 6.438415 6.435975 6.428842 6.416810 6.418425 6.417035 6.414756 6.410567 6.374471 6.378657 6.380251
[391] 6.380273 6.365657 6.357310 6.357150 6.361394 6.369352 6.365608 6.362795 6.319572 6.315941 6.320295 6.320655 6.320703 6.318621 6.311330
[406] 6.316742 6.315076 6.314285 6.321093 6.311595 6.307513 6.306623 6.306135 6.298905 6.295945 6.310349 6.302584 6.307938 6.304601 6.305095
[421] 6.325805 6.325128 6.325592 6.329553 6.331148 0.000000 0.000000 0.000000 0.000000 0.000000 0.000000 0.000000 0.000000 0.000000 0.000000
[436] 0.000000 0.000000 0.000000 0.000000 0.000000 0.000000 0.000000 0.000000 0.000000 0.000000 0.000000 0.000000 0.000000 0.000000 0.000000
[451] 0.000000 0.000000 0.000000 0.000000 0.000000 0.000000 0.000000 0.000000 0.000000 0.000000 0.000000 0.000000 0.000000 0.000000 0.000000
[466] 0.000000 0.000000 0.000000 0.000000 0.000000 0.000000 0.000000 0.000000 0.000000 0.000000 0.000000 0.000000 0.000000 0.000000 0.000000
[481] 0.000000 0.000000 0.000000 0.000000 0.000000 0.000000 0.000000 0.000000 0.000000 0.000000 0.000000 0.000000 0.000000 0.000000 0.000000
[496] 0.000000 0.000000 0.000000 0.000000 0.000000