upper band for lambda:0.98

design.optF
        V1 V2 counter counter2
X        0  0       1    0.002
X.1      0 30       1    0.002
X.2      0 60       1    0.002
X.3     15  0       1    0.002
X.4     15 30       1    0.002
X.5     15 60       1    0.002
X.6     30  0      23    0.046
X.7     30 30     135    0.270
X.8     30 60       1    0.002
xnew     8  9       1    0.002
xnew.1   3  0      66    0.132
xnew.2   6  8       2    0.004
xnew.3  30 18       1    0.002
xnew.4   6  9       1    0.002
xnew.5   7  9     230    0.460
xnew.6  30 22       1    0.002
xnew.7  30 21       1    0.002
xnew.8  30 27       1    0.002
xnew.9  30 28       6    0.012
xnew.10 30 29      20    0.040
xnew.11  7 10       4    0.008
xnew.12 30 31      10    0.020


norm.sum.crit.ds
  [1] 1.002341 1.091864 1.345465 1.203314 1.394614 1.951243 2.042402 2.033834 2.123959 1.959066 2.538067 3.093924 3.068878 3.143013 3.056752
 [16] 3.106073 3.160622 3.212824 3.205819 3.215960 3.171802 3.376371 3.395649 3.317941 3.450491 3.442919 3.477329 3.501814 3.530798 3.556799
 [31] 3.431828 3.444969 3.458253 3.460906 3.462614 3.476232 3.881102 3.899114 3.901790 3.928690 3.936418 3.936397 3.935685 3.925716 3.844965
 [46] 3.860927 4.099752 4.070254 4.084245 4.120659 4.085345 4.057457 4.050972 4.203250 4.211205 4.208207 4.199885 4.189082 4.207561 4.167821
 [61] 4.359960 4.354005 4.364958 4.374555 4.390625 4.364695 4.428325 4.418768 4.430572 4.532974 4.524704 4.519740 4.539417 4.552074 4.520079
 [76] 4.579989 4.597459 4.583189 4.568801 4.570410 4.577565 4.573489 4.563011 4.654301 4.642737 4.629038 4.617531 4.621802 4.605513 4.569449
 [91] 4.547859 4.615611 4.611752 4.611911 4.600536 4.600847 4.609989 4.619719 4.621416 4.718537 4.720193 4.713994 4.704973 4.705683 4.724023
[106] 4.724237 4.670108 4.661107 4.657808 4.660842 4.643897 4.636200 4.602693 4.607645 4.670713 4.669727 4.678780 4.666693 4.680680 4.673990
[121] 4.667135 4.682306 4.682106 4.671545 4.666525 4.680532 4.677673 4.672825 4.679176 4.685627 4.675772 4.685885 4.689351 4.707288 4.695545
[136] 4.708055 4.714403 4.834647 4.836146 4.842312 4.846181 4.839454 4.836707 4.831784 4.839506 4.864034 4.868689 4.868997 4.870160 4.859867
[151] 4.870118 4.882344 4.907413 4.917380 4.922524 4.905868 4.927383 4.925316 4.927519 4.922721 4.933530 4.985612 4.989113 4.983471 4.990443
[166] 4.985521 4.986363 4.980200 4.955579 4.940890 4.935203 4.926295 4.916483 4.916148 4.916057 4.973884 4.982516 4.968193 4.972767 4.960706
[181] 4.969546 4.971657 4.963909 4.971051 5.024942 5.030069 5.022952 5.020615 5.029166 5.036747 5.033771 4.961389 4.962339 4.970036 4.977476
[196] 4.977311 4.989192 4.994031 5.020367 5.007459 5.005608 4.995991 5.038334 5.042840 5.048233 5.042447 5.038818 5.055069 5.061208 5.063998
[211] 5.068869 5.075710 5.079934 5.113424 5.107210 5.099305 5.102451 5.111530 5.103229 5.107435 5.105596 5.090656 5.080040 5.083082 5.111507
[226] 5.116370 5.114095 5.123699 5.115827 5.242614 5.247339 5.248290 5.252030 5.243190 5.248339 5.238214 5.227485 5.244689 5.245452 5.244372
[241] 5.233698 5.231181 5.228783 5.278133 5.272513 5.223887 5.214802 5.217737 5.218965 5.218821 5.221446 5.215579 5.245628 5.240859 5.243843
[256] 5.237306 5.227168 5.229798 5.237497 5.201352 5.207821 5.206005 5.214805 5.219881 5.240874 5.242258 5.245158 5.293999 5.296089 5.300948
[271] 5.294266 5.299495 5.294093 5.282100 5.290966 5.285339 5.283342 5.277825 5.275266 5.275828 5.274556 5.271023 5.268930 5.294750 5.291066
[286] 5.291833 5.288303 5.343597 5.346932 5.347089 5.345871 5.346131 5.343109 5.347251 5.346641 5.342259 5.344013 5.349643 5.346688 5.347816
[301] 5.344461 5.349322 5.355191 5.354105 5.348219 5.333056 5.327229 5.310026 5.310613 5.315175 5.313795 5.305142 5.297935 5.298179 5.295303
[316] 5.299188 5.303675 5.303705 5.310448 5.307140 5.303674 5.317710 5.315969 5.311010 5.305442 5.304481 5.297480 5.298319 5.333103 5.322581
[331] 5.326021 5.325664 5.327544 5.326319 5.326826 5.322876 5.321025 5.300404 5.301564 5.300845 5.298068 5.300941 5.295454 5.296322 5.273347
[346] 5.266463 5.265727 5.262770 5.266339 5.267790 5.267194 5.267897 5.263460 5.257528 5.257784 5.259497 5.253577 5.247404 5.251004 5.255452
[361] 5.263455 5.261787 5.255366 5.253961 5.259198 5.253351 5.255082 5.211080 5.206082 5.204235 5.202835 5.201785 5.205332 5.200754 5.203733
[376] 5.208567 5.208018 5.208135 5.200698 5.199904 5.200753 5.204923 5.202153 5.202877 5.201355 5.198943 5.195711 5.201967 5.197107 5.214468
[391] 5.212837 5.209819 5.215776 5.214477 5.209672 5.215306 5.238870 5.239930 5.232804 5.223777 5.226792 5.226728 5.226170 5.226785 5.231364
[406] 5.239243 5.239577 5.238936 5.243977 5.235051 5.231099 5.230496 5.236408 5.234113 5.231668 5.231776 5.237211 5.231396 5.232838 5.245009
[421] 5.242207 5.240524 5.244592 5.247308 5.248349 5.247988 5.245675 5.248174 5.261754 5.265660 5.265040 5.265439 5.265407 5.270292 5.268601
[436] 5.267092 5.262826 5.259646 5.258064 5.254390 5.256069 5.255815 5.281978 5.305440 5.306318 5.302278 5.298946 5.300450 5.297314 5.297539
[451] 5.310552 5.311893 5.312008 5.309609 5.307543 5.303269 5.303000 5.302062 5.295574 5.292178 5.291694 5.296647 5.294428 5.294619 5.289371
[466] 5.286714 5.289561 5.285877 5.285623 5.281798 5.280443 5.277814 5.277117 5.289574 5.286267 5.284357 5.284559 5.282162 5.281203 5.280920
[481] 5.278274 5.275521 5.273714 5.272353 5.267980 5.269992 5.273586 5.292717 5.295317 5.292542 5.282321 5.285972 5.284693 5.284623 5.310607
[496] 5.310766 5.308875 5.309826 5.310373 5.305758