design.optF
        V1 V2 counter counter2
X        0  0       1    0.002
X.1      0 30       1    0.002
X.2      0 60       1    0.002
X.3     15  0       1    0.002
X.4     15 30       1    0.002
X.5     15 60       1    0.002
X.6     30  0     110    0.220
X.7     30 30       1    0.002
X.8     30 60       1    0.002
xnew     6 10       1    0.002
xnew.1   4  0      59    0.118
xnew.2   4 13      11    0.022
xnew.3  30 12       3    0.006
xnew.4   4 14       4    0.008
xnew.5   4 15       1    0.002
xnew.6   5  0       1    0.002
xnew.7  30 10       4    0.008
xnew.8  30  9      10    0.020
xnew.9   3 13      11    0.022
xnew.10 30  8      60    0.120
xnew.11  3 14     161    0.322
xnew.12 30  7      65    0.130


max.sen.crit.ds
  [1] 2.684250675 2.614311245 0.666479368 0.534461587 0.325606613 0.217273704 0.245983165 0.207730603 0.219627711 0.159515814 0.151050854
 [12] 0.119404872 0.122339319 0.118234611 0.099648404 0.103005040 0.087000628 0.083611875 0.085771709 0.072548747 0.071912208 0.062114562
 [23] 0.064158288 0.058429162 0.062531146 0.057384229 0.051601583 0.050011016 0.048273719 0.045799447 0.045252672 0.046264417 0.041790535
 [34] 0.039696039 0.041218179 0.038205199 0.036032785 0.035354797 0.035475525 0.034591833 0.033059457 0.032813042 0.030146507 0.029801164
 [45] 0.030422898 0.028664272 0.029027235 0.027326517 0.027274486 0.026826877 0.025587881 0.025485807 0.024375631 0.024437863 0.024441438
 [56] 0.023889206 0.023237212 0.021930776 0.022072418 0.022434196 0.020964119 0.021144098 0.020527388 0.020221254 0.020354611 0.019374383
 [67] 0.019400080 0.018504251 0.018356637 0.018450467 0.018280715 0.018036782 0.017223441 0.017427036 0.017346139 0.016597227 0.016457394
 [78] 0.016126642 0.016077667 0.016119456 0.015683693 0.015547207 0.014908908 0.015019274 0.015042880 0.014476716 0.014541303 0.014114878
 [89] 0.014318046 0.014104265 0.013620204 0.013561339 0.013273669 0.013201349 0.013172431 0.013080850 0.012838351 0.012566590 0.012565603
[100] 0.012492729 0.012070287 0.011930849 0.011985424 0.012137615 0.011869400 0.011561897 0.011521710 0.011347947 0.011223946 0.011206566
[111] 0.010897432 0.010920933 0.010897385 0.010927723 0.010675246 0.010423001 0.010449549 0.010377782 0.010096702 0.010094031 0.010147242
[122] 0.010067320 0.009883733 0.009861836 0.009617261 0.009670912 0.009566510 0.009415807 0.009368014 0.009251605 0.009198573 0.009253840
[133] 0.009084599 0.008959763 0.008874732 0.008856425 0.008731528 0.008769106 0.008647517 0.008651487 0.008538480 0.008454119 0.008279518
[144] 0.008310473 0.008289482 0.008202670 0.008150801 0.008033460 0.008048643 0.007975199 0.007843347 0.007784458 0.007800694 0.007685331
[155] 0.007708872 0.007665217 0.007563780 0.007462481 0.007477412 0.007433024 0.007282228 0.007244516 0.007265189 0.007287704 0.007190896
[166] 0.007099811 0.007037103 0.007025336 0.006935118 0.006905660 0.006888398 0.006836196 0.006804964 0.006803959 0.006660559 0.006652150
[177] 0.006667032 0.006553177 0.006552575 0.006499869 0.006517849 0.006465679 0.006359094 0.006359310 0.006309816 0.006249281 0.006248973
[188] 0.006206059 0.006182393 0.006129039 0.006124527 0.006082141 0.005965158 0.005980446 0.006004876 0.005892997 0.005887659 0.005890753
[199] 0.005872040 0.005780413 0.005780651 0.005704114 0.005685282 0.005675692 0.005660228 0.005634164 0.005564438 0.005571025 0.005550732
[210] 0.005454268 0.005442240 0.005460962 0.005410740 0.005405251 0.005354080 0.005322217 0.005333713 0.005262716 0.005236626 0.005189230
[221] 0.005193770 0.005201642 0.005174126 0.005136966 0.005056401 0.005064674 0.005089552 0.004999920 0.004976263 0.005010910 0.004981842
[232] 0.004931513 0.004910548 0.004859186 0.004860822 0.004826540 0.004798743 0.004817129 0.004764341 0.004757155 0.004761630 0.004686566
[243] 0.004663948 0.004671938 0.004632853 0.004612696 0.004607624 0.004583843 0.004595260 0.004534901 0.004525873 0.004492968 0.004465717
[254] 0.004470709 0.004460346 0.004440003 0.004383398 0.004381256 0.004401561 0.004328607 0.004311204 0.004302054 0.004315960 0.004307029
[265] 0.004248307 0.004258058 0.004216615 0.004210158 0.004194507 0.004154978 0.004167268 0.004128670 0.004117381 0.004139887 0.004083709
[276] 0.004064089 0.004058306 0.004048184 0.004021503 0.004017587 0.004015617 0.003979690 0.003972796 0.003973296 0.003920162 0.003909883
[287] 0.003925718 0.003885147 0.003890708 0.003868659 0.003858297 0.003861126 0.003822879 0.003814277 0.003792509 0.003774897 0.003774825
[298] 0.003773338 0.003735719 0.003744829 0.003741664 0.003696237 0.003673422 0.003687272 0.003672439 0.003653453 0.003647946 0.003636701
[309] 0.003622955 0.003602904 0.003594656 0.003564227 0.003561919 0.003556705 0.003553197 0.003538563 0.003522136 0.003517277 0.003497338
[320] 0.003464855 0.003475748 0.003461166 0.003462111 0.003427873 0.003435946 0.003436911 0.003400916 0.003394686 0.003375419 0.003363787
[331] 0.003361549 0.003361178 0.003338207 0.003340082 0.003326684 0.003308832 0.003284693 0.003292976 0.003275221 0.003270543 0.003248160
[342] 0.003260860 0.003257489 0.003217441 0.003216203 0.003204528 0.003196603 0.003184981 0.003175584 0.003171936 0.003165945 0.003160292
[353] 0.003146144 0.003117269 0.003129806 0.003120375 0.003090044 0.003092710 0.003097470 0.003100362 0.003063927 0.003058213 0.003053669
[364] 0.003036130 0.003037798 0.003013425 0.003015909 0.003029142 0.003001150 0.003002995 0.002970734 0.002962790 0.002975773 0.002944803
[375] 0.002947742 0.002932720 0.002932220 0.002934919 0.002906459 0.002900876 0.002898701 0.002881845 0.002881065 0.002879349 0.002862663
[386] 0.002859573 0.002857122 0.002842944 0.002820756 0.002829452 0.002820042 0.002809824 0.002809568 0.002792832 0.002786885 0.002794109
[397] 0.002766678 0.002766667 0.002743611 0.002750966 0.002747923 0.002746853 0.002732630 0.002711496 0.002722188 0.002713296 0.002687233
[408] 0.002688707 0.002689366 0.002690052 0.002683710 0.002663465 0.002660594 0.002648587 0.002639923 0.002642337 0.002624050 0.002631905
[419] 0.002626041 0.002620321 0.002596023 0.002603727 0.002600689 0.002573578 0.002575812 0.002578754 0.002568477 0.002558097 0.002560322
[430] 0.002548934 0.002544408 0.002538138 0.002522188 0.002526280 0.002518629 0.002511983 0.002511841 0.002493766 0.002498879 0.002493506
[441] 0.002472332 0.002472833 0.002473544 0.002461415 0.002458076 0.002453134 0.002446139 0.002446079 0.002431772 0.002428389 0.002416393
[452] 0.002412443 0.002413804 0.002415484 0.002397028 0.002390552 0.002397787 0.002384551 0.002370823 0.002367891 0.002369613 0.002360197
[463] 0.002358514 0.002358697 0.002343444 0.002341244 0.002339875 0.002322910 0.002320884 0.002320845 0.002315287 0.002317673 0.002297651
[474] 0.002299864 0.002303163 0.002284277 0.002282829 0.002275952 0.002269355 0.002273095 0.002269103 0.002255274 0.002257696 0.002252398
[485] 0.002241016 0.002235626 0.002237317 0.002223531 0.002226683 0.002215774 0.002220439 0.002219217 0.002200196 0.002199852 0.002197051
[496] 0.002185597 0.002188799 0.002186502 0.002177142 0.002173908


sum.crit.ds
  [1]  0.07281181  0.03508591  0.06050442  0.08671199  0.11058770  0.12966039  0.15196478  0.17775318  0.20201021  0.23441285  0.26613915
 [12]  0.29181460  0.31922296  0.36061028  0.38436780  0.42088554  0.45369396  0.48958063  0.53474144  0.57006927  0.60763779  0.63760717
 [23]  0.67623996  0.70937375  0.74695735  0.79182853  0.83229966  0.87506610  0.91144230  0.95263577  0.99009554  1.03037232  1.07047594
 [34]  1.11002160  1.15403682  1.19809449  1.24514389  1.28445193  1.32482476  1.36470208  1.40647145  1.45217593  1.49665375  1.53894555
 [45]  1.58872547  1.62871789  1.68011716  1.71783995  1.76460537  1.81523925  1.84951119  1.90156694  1.94400937  1.99132842  2.03648813
 [56]  2.08060212  2.12774841  2.17696950  2.22625504  2.28348881  2.33424658  2.37738889  2.41467650  2.46484683  2.51677596  2.56658259
 [67]  2.61499641  2.65982370  2.70235598  2.75076328  2.79663964  2.84906241  2.90443426  2.95494149  3.01208559  3.06194788  3.11854631
 [78]  3.16771930  3.19882445  3.24885175  3.29932867  3.35015167  3.40406300  3.45635199  3.50140590  3.55049967  3.58475050  3.63726911
 [89]  3.68837244  3.74412162  3.78503884  3.83762936  3.88723657  3.93656098  3.99336671  4.04299037  4.09545135  4.14049956  4.19135472
[100]  4.24394798  4.29496833  4.34085289  4.40546682  4.45737095  4.51611757  4.56693984  4.61786184  4.66391505  4.71545898  4.77150977
[111]  4.82184455  4.87417810  4.95302276  5.00754288  5.06128860  5.11532437  5.16838836  5.21400880  5.25599279  5.30411901  5.35573115
[122]  5.44091079  5.48958076  5.55222696  5.60388049  5.66360352  5.71980433  5.77302694  5.81847207  5.85593602  5.90191829  5.95412128
[133]  6.00839120  6.08021524  6.13370901  6.18706098  6.24754901  6.33265899  6.38702929  6.44848795  6.49885185  6.55286309  6.60469694
[144]  6.65957133  6.71566788  6.76870914  6.80417623  6.86047256  6.91438327  6.96224703  7.02891923  7.08191127  7.13673918  7.19496432
[155]  7.22737024  7.26932978  7.32391852  7.37982513  7.43483668  7.48943869  7.53045795  7.59106306  7.64463017  7.70866568  7.76739056
[166]  7.82760876  7.88275914  7.93269732  7.98062109  8.03684650  8.08528637  8.16084124  8.20855620  8.26425524  8.31764960  8.38049184
[177]  8.44139905  8.49762430  8.56288864  8.63728705  8.69156721  8.74837465  8.79502351  8.84973389  8.91325286  8.97174636  9.03667173
[188]  9.09081328  9.10656894  9.17456776  9.22790534  9.28187730  9.33522789  9.40428097  9.45885777  9.51229685  9.61068397  9.66603560
[199]  9.72476487  9.76982042  9.82633977  9.87197753  9.91996097  9.96805797 10.02373269 10.05380869 10.11272705 10.16751881 10.22475286
[210] 10.27485902 10.34048124 10.39528401 10.45386521 10.51618060 10.56339244 10.62039559 10.68379086 10.72986535 10.78500849 10.83179395
[221] 10.88541327 10.91390824 10.95370536 11.00903084 11.05530186 11.12159235 11.17758980 11.24179332 11.30885280 11.36583169 11.44295791
[232] 11.49641396 11.56166886 11.61622904 11.66591798 11.70615824 11.76168778 11.81698377 11.87666919 11.93181713 11.98729216 12.04119686
[243] 12.09657781 12.15094072 12.20233230 12.23876297 12.32711158 12.38412280 12.44529355 12.49949498 12.55642261 12.62082695 12.67910489
[254] 12.72856093 12.78347629 12.80546556 12.84358954 12.89235935 12.94946374 12.99662520 13.03744832 13.09210839 13.09044987 13.16252189
[265] 13.21228687 13.27380788 13.32877903 13.39034859 13.45339437 13.50859341 13.55195290 13.56766961 13.61429201 13.65844472 13.71313792
[276] 13.76361891 13.81873571 13.87811711 13.92993231 13.97065881 14.02658233 14.07680479 14.13233265 14.19513001 14.25027610 14.30127856
[287] 14.35488858 14.40861323 14.45349686 14.51385761 14.56906357 14.62306462 14.67448871 14.73103343 14.78522163 14.83659584 14.89209418
[298] 14.96448754 15.00329368 15.06106388 15.12241065 15.17885187 15.21743561 15.27297610 15.33302090 15.37857688 15.40494621 15.47255810
[309] 15.52818626 15.57697066 15.63231043 15.68788769 15.73613056 15.78787368 15.82642050 15.88190786 15.95221506 16.00612501 16.06220718
[320] 16.12319246 16.17578416 16.23154287 16.28491536 16.36252522 16.41798661 16.47353947 16.51379682 16.56392117 16.61929874 16.66350730
[331] 16.71631677 16.77250073 16.82821552 16.88350931 16.93693352 16.99272611 17.04951328 17.09896437 17.15468110 17.21056877 17.27424739
[342] 17.32996179 17.39158499 17.45357718 17.49506310 17.55069621 17.60583029 17.65606916 17.71112371 17.78267309 17.83658421 17.89071079
[353] 17.94676122 18.00770664 18.06505038 18.12119798 18.16197142 18.23245406 18.32203053 18.37828549 18.42139151 18.47750015 18.51649851
[364] 18.57281863 18.64820986 18.70370641 18.76310724 18.74405208 18.78701766 18.84315435 18.89773243 18.95383685 19.00930073 19.06165568
[375] 19.12959945 19.13355282 19.18900845 19.24524136 19.32191820 19.37769485 19.42800735 19.49177472 19.54193591 19.59692157 19.65522564
[386] 19.70617113 19.76544853 19.82051211 19.88863724 19.94680263 20.00290046 20.05102967 20.04371764 20.09852903 20.15339172 20.21990670
[397] 20.28536209 20.34154659 20.37766689 20.44328859 20.50445300 20.55117060 20.60703019 20.65799422 20.71267009 20.76845020 20.82056960
[408] 20.87758388 20.93184362 20.99975368 21.02493555 21.07977894 21.13566927 21.18656198 21.23896119 21.29506330 21.37441593 21.47593369
[419] 21.53577664 21.59179745 21.65521610 21.71026305 21.76665949 21.83648826 21.89290150 21.95143718 22.00891857 22.09802340 22.15414205
[430] 22.19341755 22.24962257 22.31118148 22.36739153 22.44624548 22.50326843 22.55913942 22.57793805 22.64337041 22.69794440 22.75493234
[441] 22.80196491 22.86158538 22.91678814 22.96046094 22.99773342 23.04179007 23.09701996 23.15731600 23.20473126 23.26116253 23.32206826
[452] 23.38170329 23.43815947 23.48824561 23.55581588 23.59868993 23.65462845 23.71041741 23.75843096 23.81519995 23.87058380 23.93667890
[463] 24.00696839 24.07006463 24.12561075 24.17805949 24.23274258 24.28795892 24.34694926 24.40841838 24.46418229 24.49819039 24.55417655
[474] 24.61554882 24.67255530 24.73035125 24.79173138 24.84719234 24.90261084 24.96144930 25.03603074 25.09247063 25.14643641 25.20619127
[485] 25.26353745 25.33269596 25.37913565 25.43696768 25.49088918 25.52088011 25.57421301 25.63946686 25.69873520 25.75957883 25.81453630
[496] 25.86860531 25.92007487 25.99612711 26.05270814 26.10078687

norm.sum.crit.ds
  [1] 0.007281181 0.003189629 0.005042035 0.006670153 0.007899121 0.008644026 0.009497799 0.010456070 0.011222789 0.012337519 0.013306958
 [12] 0.013895933 0.014510135 0.015678708 0.016015325 0.016835422 0.017449768 0.018132616 0.019097909 0.019657561 0.020254593 0.020567973
 [23] 0.021132499 0.021496174 0.021969334 0.022623672 0.023119435 0.023650435 0.023985324 0.024426558 0.024752389 0.025131032 0.025487522
 [34] 0.025814456 0.026228110 0.026624322 0.027068345 0.027328764 0.027600516 0.027851063 0.028129429 0.028474038 0.028781803 0.029036708
 [45] 0.029420842 0.029613053 0.030002092 0.030137543 0.030424231 0.030766767 0.030825187 0.031173228 0.031354990 0.031608388 0.031820127
 [56] 0.032009263 0.032238612 0.032492082 0.032739045 0.033094041 0.033346380 0.033484351 0.033537174 0.033765025 0.034010486 0.034221101
 [67] 0.034407848 0.034543165 0.034645589 0.034819788 0.034957996 0.035173610 0.035419930 0.035601705 0.035858162 0.036022916 0.036262166
 [78] 0.036410567 0.036350278 0.036503952 0.036659207 0.036814854 0.037000685 0.037165075 0.037248999 0.037373681 0.037341151 0.037497620
 [89] 0.037636453 0.037819410 0.037850388 0.037996330 0.038110162 0.038219039 0.038397757 0.038504670 0.038636333 0.038696258 0.038808840
[100] 0.038935303 0.039045167 0.039106783 0.039334525 0.039445761 0.039615066 0.039712520 0.039809154 0.039862522 0.039961517 0.040096721
[111] 0.040182038 0.040282464 0.040598547 0.040711731 0.040816844 0.040922595 0.041018955 0.041055187 0.041062444 0.041117202 0.041197932
[122] 0.041533670 0.041587733 0.041746067 0.041820004 0.041952619 0.042057385 0.042138883 0.042162841 0.042129036 0.042156559 0.042227811
[133] 0.042312614 0.042518988 0.042595201 0.042669386 0.042791432 0.043079313 0.043155603 0.043278443 0.043325679 0.043396444 0.043451954
[144] 0.043526610 0.043608233 0.043669091 0.043616514 0.043697277 0.043761919 0.043787717 0.043930745 0.043987027 0.044053946 0.044140885
[155] 0.044069331 0.044056544 0.044119991 0.044190570 0.044254980 0.044316205 0.044296811 0.044392182 0.044445524 0.044558761 0.044640176
[166] 0.044729193 0.044788404 0.044817499 0.044834950 0.044898584 0.044918258 0.045087521 0.045101957 0.045159865 0.045204617 0.045299956
[177] 0.045383866 0.045441841 0.045547280 0.045699931 0.045745091 0.045803009 0.045807414 0.045853543 0.045944602 0.046008956 0.046105468
[188] 0.046146260 0.045992772 0.046103356 0.046139527 0.046178494 0.046213999 0.046326507 0.046366950 0.046401448 0.046653806 0.046695824
[199] 0.046753677 0.046745552 0.046792094 0.046786623 0.046792269 0.046798394 0.046839872 0.046761901 0.046818181 0.046854925 0.046902536
[210] 0.046917164 0.047002187 0.047037484 0.047089483 0.047157761 0.047158002 0.047201758 0.047273411 0.047268129 0.047302669 0.047300410
[221] 0.047327884 0.047246356 0.047214247 0.047249059 0.047244880 0.047325925 0.047362669 0.047433727 0.047516188 0.047555781 0.047678991
[232] 0.047702962 0.047775491 0.047803412 0.047811139 0.047780238 0.047811739 0.047842040 0.047889795 0.047918944 0.047949169 0.047972896
[243] 0.048002293 0.048027434 0.048040678 0.047995149 0.048152780 0.048187248 0.048237572 0.048260598 0.048293933 0.048355659 0.048393530
[254] 0.048397570 0.048422259 0.048322512 0.048284171 0.048285990 0.048318895 0.048314592 0.048286846 0.048310363 0.048126654 0.048214366
[265] 0.048220025 0.048268392 0.048292678 0.048340609 0.048393505 0.048417898 0.048399832 0.048283522 0.048277631 0.048263056 0.048285697
[276] 0.048293400 0.048317258 0.048355809 0.048367821 0.048341380 0.048367525 0.048373900 0.048398399 0.048447543 0.048470327 0.048478910
[287] 0.048496245 0.048513849 0.048501667 0.048541330 0.048563545 0.048581610 0.048591022 0.048617272 0.048635597 0.048644577 0.048666974
[298] 0.048744259 0.048711992 0.048741307 0.048781970 0.048806598 0.048773832 0.048795451 0.048831277 0.048820879 0.048749830 0.048809332
[309] 0.048830774 0.048830629 0.048850970 0.048871924 0.048869971 0.048878866 0.048846977 0.048867409 0.048933175 0.048948395 0.048970144
[320] 0.049006664 0.049017528 0.049037894 0.049050950 0.049136712 0.049155649 0.049174745 0.049148205 0.049151101 0.049169523 0.049154889
[331] 0.049165638 0.049186219 0.049205309 0.049223059 0.049235272 0.049254279 0.049276050 0.049276554 0.049295061 0.049313951 0.049354993
[342] 0.049373111 0.049407912 0.049443561 0.049421082 0.049438581 0.049454579 0.049456776 0.049472413 0.049533908 0.049546067 0.049558756
[353] 0.049576688 0.049608007 0.049629259 0.049647118 0.049622873 0.049679711 0.049788126 0.049805652 0.049787545 0.049804583 0.049775534
[364] 0.049793079 0.049861524 0.049876550 0.049901881 0.049718971 0.049701105 0.049718085 0.049730875 0.049747603 0.049762567 0.049769336
[375] 0.049816665 0.049697540 0.049712457 0.049729306 0.049798758 0.049814126 0.049815403 0.049851086 0.049851877 0.049864940 0.049886359
[386] 0.049889041 0.049912749 0.049925723 0.049971450 0.049991987 0.050007251 0.050002568 0.049859994 0.049872280 0.049884633 0.049925696
[397] 0.049963946 0.049979230 0.049945262 0.049983591 0.050010861 0.050002848 0.050017064 0.050019356 0.050030604 0.050044458 0.050049446
[408] 0.050066148 0.050076181 0.050118744 0.050059370 0.050070734 0.050084524 0.050086435 0.050091890 0.050106031 0.050174685 0.050294927
[419] 0.050317235 0.050330530 0.050360968 0.050371840 0.050385786 0.050430689 0.050444473 0.050463074 0.050479171 0.050567559 0.050580233
[430] 0.050554482 0.050567324 0.050592248 0.050604958 0.050668726 0.050683037 0.050694695 0.050623179 0.050656310 0.050665054 0.050679137
[441] 0.050671033 0.050690877 0.050700859 0.050685344 0.050655800 0.050641297 0.050651360 0.050672464 0.050665352 0.050677914 0.050700148
[452] 0.050719530 0.050731947 0.050730552 0.050766845 0.050749871 0.050761005 0.050771772 0.050765878 0.050778678 0.050788476 0.050820974
[463] 0.050862221 0.050888086 0.050897913 0.050901178 0.050909123 0.050918153 0.050935040 0.050957032 0.050967046 0.050931789 0.050942275
[474] 0.050963869 0.050976354 0.050990415 0.051011793 0.051020929 0.051029940 0.051045909 0.051093940 0.051104828 0.051110643 0.051128177
[485] 0.051140764 0.051177164 0.051167612 0.051181021 0.051186524 0.051144048 0.051148426 0.051176581 0.051192700 0.051211886 0.051219318
[496] 0.051224961 0.051225444 0.051274412 0.051284859 0.051278560

THETA.HAT[,4]
  [1] 0.3129778 0.0001000 0.0001000 0.0001000 0.0001000 0.0001000 0.0001000 0.0001000 0.0001000 0.0001000 0.0001000 0.0001000 0.0001000 0.0001000
 [15] 0.0001000 0.0001000 0.0001000 0.0001000 0.0001000 0.0001000 0.0001000 0.0001000 0.0001000 0.0001000 0.0001000 0.0001000 0.0001000 0.0001000
 [29] 0.0001000 0.0001000 0.0001000 0.0001000 0.0001000 0.0001000 0.0001000 0.0001000 0.0001000 0.0001000 0.0001000 0.0001000 0.0001000 0.0001000
 [43] 0.0001000 0.0001000 0.0001000 0.0001000 0.0001000 0.0001000 0.0001000 0.0001000 0.0001000 0.0001000 0.0001000 0.0001000 0.0001000 0.0001000
 [57] 0.0001000 0.0001000 0.0001000 0.0001000 0.0001000 0.0001000 0.0001000 0.0001000 0.0001000 0.0001000 0.0001000 0.0001000 0.0001000 0.0001000
 [71] 0.0001000 0.0001000 0.0001000 0.0001000 0.0001000 0.0001000 0.0001000 0.0001000 0.0001000 0.0001000 0.0001000 0.0001000 0.0001000 0.0001000
 [85] 0.0001000 0.0001000 0.0001000 0.0001000 0.0001000 0.0001000 0.0001000 0.0001000 0.0001000 0.0001000 0.0001000 0.0001000 0.0001000 0.0001000
 [99] 0.0001000 0.0001000 0.0001000 0.0001000 0.0001000 0.0001000 0.0001000 0.0001000 0.0001000 0.0001000 0.0001000 0.0001000 0.0001000 0.0001000
[113] 0.0001000 0.0001000 0.0001000 0.0001000 0.0001000 0.0001000 0.0001000 0.0001000 0.0001000 0.0001000 0.0001000 0.0001000 0.0001000 0.0001000
[127] 0.0001000 0.0001000 0.0001000 0.0001000 0.0001000 0.0001000 0.0001000 0.0001000 0.0001000 0.0001000 0.0001000 0.0001000 0.0001000 0.0001000
[141] 0.0001000 0.0001000 0.0001000 0.0001000 0.0001000 0.0001000 0.0001000 0.0001000 0.0001000 0.0001000 0.0001000 0.0001000 0.0001000 0.0001000
[155] 0.0001000 0.0001000 0.0001000 0.0001000 0.0001000 0.0001000 0.0001000 0.0001000 0.0001000 0.0001000 0.0001000 0.0001000 0.0001000 0.0001000
[169] 0.0001000 0.0001000 0.0001000 0.0001000 0.0001000 0.0001000 0.0001000 0.0001000 0.0001000 0.0001000 0.0001000 0.0001000 0.0001000 0.0001000
[183] 0.0001000 0.0001000 0.0001000 0.0001000 0.0001000 0.0001000 0.0001000 0.0001000 0.0001000 0.0001000 0.0001000 0.0001000 0.0001000 0.0001000
[197] 0.0001000 0.0001000 0.0001000 0.0001000 0.0001000 0.0001000 0.0001000 0.0001000 0.0001000 0.0001000 0.0001000 0.0001000 0.0001000 0.0001000
[211] 0.0001000 0.0001000 0.0001000 0.0001000 0.0001000 0.0001000 0.0001000 0.0001000 0.0001000 0.0001000 0.0001000 0.0001000 0.0001000 0.0001000
[225] 0.0001000 0.0001000 0.0001000 0.0001000 0.0001000 0.0001000 0.0001000 0.0001000 0.0001000 0.0001000 0.0001000 0.0001000 0.0001000 0.0001000
[239] 0.0001000 0.0001000 0.0001000 0.0001000 0.0001000 0.0001000 0.0001000 0.0001000 0.0001000 0.0001000 0.0001000 0.0001000 0.0001000 0.0001000
[253] 0.0001000 0.0001000 0.0001000 0.0001000 0.0001000 0.0001000 0.0001000 0.0001000 0.0001000 0.0001000 0.0001000 0.0001000 0.0001000 0.0001000
[267] 0.0001000 0.0001000 0.0001000 0.0001000 0.0001000 0.0001000 0.0001000 0.0001000 0.0001000 0.0001000 0.0001000 0.0001000 0.0001000 0.0001000
[281] 0.0001000 0.0001000 0.0001000 0.0001000 0.0001000 0.0001000 0.0001000 0.0001000 0.0001000 0.0001000 0.0001000 0.0001000 0.0001000 0.0001000
[295] 0.0001000 0.0001000 0.0001000 0.0001000 0.0001000 0.0001000 0.0001000 0.0001000 0.0001000 0.0001000 0.0001000 0.0001000 0.0001000 0.0001000
[309] 0.0001000 0.0001000 0.0001000 0.0001000 0.0001000 0.0001000 0.0001000 0.0001000 0.0001000 0.0001000 0.0001000 0.0001000 0.0001000 0.0001000
[323] 0.0001000 0.0001000 0.0001000 0.0001000 0.0001000 0.0001000 0.0001000 0.0001000 0.0001000 0.0001000 0.0001000 0.0001000 0.0001000 0.0001000
[337] 0.0001000 0.0001000 0.0001000 0.0001000 0.0001000 0.0001000 0.0001000 0.0001000 0.0001000 0.0001000 0.0001000 0.0001000 0.0001000 0.0001000
[351] 0.0001000 0.0001000 0.0001000 0.0001000 0.0001000 0.0001000 0.0001000 0.0001000 0.0001000 0.0001000 0.0001000 0.0001000 0.0001000 0.0001000
[365] 0.0001000 0.0001000 0.0001000 0.0001000 0.0001000 0.0001000 0.0001000 0.0001000 0.0001000 0.0001000 0.0001000 0.0001000 0.0001000 0.0001000
[379] 0.0001000 0.0001000 0.0001000 0.0001000 0.0001000 0.0001000 0.0001000 0.0001000 0.0001000 0.0001000 0.0001000 0.0001000 0.0001000 0.0001000
[393] 0.0001000 0.0001000 0.0001000 0.0001000 0.0001000 0.0001000 0.0001000 0.0001000 0.0001000 0.0001000 0.0001000 0.0001000 0.0001000 0.0001000
[407] 0.0001000 0.0001000 0.0001000 0.0001000 0.0001000 0.0001000 0.0001000 0.0001000 0.0001000 0.0001000 0.0001000 0.0001000 0.0001000 0.0001000
[421] 0.0001000 0.0001000 0.0001000 0.0001000 0.0001000 0.0001000 0.0001000 0.0001000 0.0001000 0.0001000 0.0001000 0.0001000 0.0001000 0.0001000
[435] 0.0001000 0.0001000 0.0001000 0.0001000 0.0001000 0.0001000 0.0001000 0.0001000 0.0001000 0.0001000 0.0001000 0.0001000 0.0001000 0.0001000
[449] 0.0001000 0.0001000 0.0001000 0.0001000 0.0001000 0.0001000 0.0001000 0.0001000 0.0001000 0.0001000 0.0001000 0.0001000 0.0001000 0.0001000
[463] 0.0001000 0.0001000 0.0001000 0.0001000 0.0001000 0.0001000 0.0001000 0.0001000 0.0001000 0.0001000 0.0001000 0.0001000 0.0001000 0.0001000
[477] 0.0001000 0.0001000 0.0001000 0.0001000 0.0001000 0.0001000 0.0001000 0.0001000 0.0001000 0.0001000 0.0001000 0.0001000 0.0001000 0.0001000
[491] 0.0001000 0.0001000 0.0001000 0.0001000 0.0001000 0.0001000 0.0001000 0.0001000 0.0001000 0.0001000
> 