design.optF
        V1 V2 counter counter2
X        0  0       1    0.002
X.1      0 30       1    0.002
X.2      0 60       1    0.002
X.3     15  0       1    0.002
X.4     15 30       1    0.002
X.5     15 60       1    0.002
X.6     30  0      29    0.058
X.7     30 30       1    0.002
X.8     30 60       1    0.002
xnew     8 15       1    0.002
xnew.1   5  0       1    0.002
xnew.2   6 10       3    0.006
xnew.3  30 15       1    0.002
xnew.4   6 12     155    0.310
xnew.5   4  0       1    0.002
xnew.6  30 17       1    0.002
xnew.7   6 11       6    0.012
xnew.8   3  0     123    0.246
xnew.9   5 10       4    0.008
xnew.10 30 18       1    0.002
xnew.11  5 11      42    0.084
xnew.12 30 23      98    0.196
xnew.13 30 24       1    0.002
xnew.14 30 21       3    0.006
xnew.15 30 22      18    0.036
xnew.16 30 20       4    0.008
xnew.17  5 12       9    0.018

sum.crit.delta
  [1]   0.3187914   0.4640330   0.9043535   1.0838372   1.3180990   1.5559824   1.9583648   2.1735237   2.4131911   2.6722051   3.1195611
 [12]   3.3170295   3.5247091   3.9570900   4.1533585   4.4122288   4.6820393   5.0256518   5.2584703   5.5111204   5.6039722   5.8521551
 [23]   6.2338046   6.4498412   6.7122844   7.1354647   7.4119407   7.6835936   7.9540375   8.3273467   8.5162892   8.7869203   9.0588402
 [34]   9.3367916   9.5987987   9.8698780  10.2998796  10.5673140  10.8380985  11.2404716  11.5061558  11.7292938  12.0119446  12.2894317
 [45]  12.7206561  13.0097134  13.2871062  13.5201107  13.7283414  13.9291981  14.1415276  14.5704287  14.8572663  15.1100267  15.3881253
 [56]  15.5765867  15.8527101  16.2149997  16.4553106  16.7123514  17.0920393  17.3774576  17.6519797  17.9424459  18.2993262  18.5502633
 [67]  18.8233780  18.9809284  19.2460217  19.5091135  19.7860540  20.0969841  20.3728372  20.7202774  20.9280963  21.2203361  21.6238243
 [78]  21.9051733  22.1877520  22.4488717  22.7340418  23.0165317  23.2783470  23.5921787  23.8600727  24.1393538  24.4248381  24.7269637
 [89]  25.0089168  25.3284033  25.5842885  25.8626136  26.1778092  26.4607937  26.7127972  26.9833035  27.2691124  27.5404595  27.8426953
[100]  28.1045833  28.3871387  28.6666496  29.0299059  29.3052963  29.5715778  29.8563136  29.9006306  30.2837419  30.5556188  30.8441193
[111]  30.8826935  31.1668304  31.3947790  31.6829669  32.0011820  32.2840140  32.5368237  32.6330820  32.8851690  33.1547439  33.4189029
[122]  33.8990769  34.1713243  34.4908593  34.7692138  35.0069441  35.3132194  35.5888586  35.8601781  36.0633197  36.3464479  36.6071655
[133]  36.9438475  37.1546665  37.4359165  37.7172994  38.1082103  38.3407543  38.6183908  38.8995795  39.1091685  39.3960983  39.7606682
[144]  40.0428272  40.3248796  40.5972877  40.8808124  41.1624041  41.4109909  41.6969332  41.9736741  42.2162823  42.4949031  42.7393455
[155]  43.0091829  43.2590834  43.5076107  43.7818668  44.0682671  44.4291360  44.6827196  45.0454812  45.3142251  45.5965060  46.0077616
[166]  46.2809859  46.5656814  46.8404890  46.9710685  47.2004360  47.4730859  47.7545817  47.8612308  48.1379483  48.4167256  48.7379166
[177]  49.1887501  49.4642454  49.7199988  50.0028758  50.0919297  50.3775260  50.6612475  50.9220795  51.3099067  51.5730277  51.8550177
[188]  52.1348822  52.2192574  52.4689834  52.7460219  52.6960825  52.9732324  53.2755922  53.5584662  53.8394578  54.3659820  54.6521195
[199]  54.9347658  55.1747057  55.4768531  55.7613041  56.0175722  56.2860978  56.5444404  56.7208328  57.0008265  57.2801876  57.5354911
[210]  57.7348723  58.0164590  58.3807471  58.6424134  58.9954090  59.2629613  59.5440173  59.8120445  59.8565275  60.1155313  60.3812233
[221]  60.6658057  60.9485295  61.1932215  61.4576609  61.7421754  62.1545871  62.4347794  62.6656040  63.0847069  63.3289553  63.6436269
[232]  63.9212607  64.1854274  64.2781479  64.5394706  64.7909138  65.0372629  65.3473572  65.6270952  65.9048501  66.1537493  66.4045579
[243]  66.6815561  66.9547939  67.2249299  67.2472585  67.5258495  67.8500150  68.1209595  68.3842596  68.6654788  68.9294954  69.2126799
[254]  69.4070470  69.6745237  69.9565303  70.2025051  70.3902061  70.6656486  70.9446377  71.1980143  71.4690002  71.7461879  72.0232532
[265]  72.2853654  72.6163317  72.7894258  73.0414256  73.3222888  73.4499343  73.7112139  73.9912044  74.2558255  74.2253594  74.4602048
[276]  74.7366962  75.0101772  75.4108775  75.6876058  75.9584183  76.2335012  76.4557662  76.7272975  77.0078484  77.3584634  77.5929052
[287]  77.8714449  78.0646569  78.3259142  78.6609703  78.9390180  79.2115467  79.4822002  79.7370331  80.0071588  80.2728065  80.5400099
[298]  80.7854332  81.0197125  81.2964442  81.5743431  81.8252348  81.8979575  82.2357140  82.5147341  82.6890195  82.9692598  83.2478708
[309]  83.5249475  83.6438435  83.9175667  84.1919924  84.4440384  84.6976975  84.9736534  85.2284454  85.5057711  85.7825328  86.3005296
[320]  86.6242965  86.8939444  87.1649558  87.4335948  87.7127668  87.9727987  88.2471258  88.3436810  88.6109876  88.8656282  89.0995735
[331]  89.3635112  89.6382626  89.9157838  90.1908920  90.4289724  90.6936680  90.9642333  91.0997780  91.4214713  91.6957898  91.9740813
[342]  92.2317390  92.6594473  92.9376013  93.2165122  93.4651996  93.7450945  94.0143332  94.2924719  94.5711105  94.8374796  95.1133276
[353]  95.3776000  95.6551860  95.9854348  96.2632399  96.6200873  96.8984161  97.1782453  97.4532281  97.7249827  97.9974360  98.2756215
[364]  98.5794285  98.8568470  99.1372007  99.3977604  99.3556436  99.6115080  99.8877136 100.1609062 100.4554301 100.7337191 101.0760307
[375] 101.3305434 101.4057877 101.6823349 101.9566436 102.1942412 102.4950499 102.7626702 103.0404055 103.3174100 103.6708972 103.9455500
[386] 104.2210493 104.5003864 105.0492111 105.3293777 105.5948052 105.8675679 106.0767515 106.4335745 106.7082167 106.9883819 107.5254718
[397] 107.8071219 108.0851204 108.3306897 108.7255269 108.9812611 109.2544624 109.5303085 109.7632296 110.0055952 110.2807869 110.5521237
[408] 110.8520709 111.0911794 111.3388204 111.6013546 111.8765788 112.1610527 112.4389039 112.7079712 112.9603601 113.1967275 113.4769127
[419] 113.7571615 114.0847739 114.3509725 114.6248925 114.8974752 115.3325832 115.6113457 115.8876959 116.2037654 116.4856109 116.7575449
[430] 116.8490416 117.1248876 117.4706026 117.7481491 118.0269631 118.3042307 118.5827419 118.7257257 119.0055256 119.2782223 119.5586908
[441] 119.7444378 120.0207254 120.3015546 120.5790992 120.8018566 121.1475902 121.4288179 121.6907589 121.8839985 122.1548211 122.4337225
[452] 122.6967954 122.9525579 123.2209787 123.4890235 123.7481860 124.0689927 124.3439267 124.6221479 124.8859621 125.1660495 125.4438406
[463] 125.7106768 126.0218452 126.3822880 126.6507088 126.9265948 127.2076549 127.5283892 127.8104285 128.0856787 128.3530699 128.6384722
[474] 128.9182966 129.1973607 129.4756214 129.8178814 130.0843243 130.3589964 130.6358201 131.0082197 131.2873901 131.6191897 131.8968806
[485] 132.1539575 132.4138459 132.4736163 132.7154134 132.9835107 133.2633738 133.5257334 133.8057173 134.0771918 134.4143819 134.6952170
[496] 134.9673603 135.2446128 135.6221741 135.8932404 136.2397006


norm.sum.crit.delta
  [1] 0.03187914 0.04218482 0.07536279 0.08337209 0.09414993 0.10373216 0.12239780 0.12785434 0.13406617 0.14064237 0.15597805 0.15795378 0.16021405
 [14] 0.17204739 0.17305660 0.17648915 0.18007843 0.18613525 0.18780251 0.19003863 0.18679907 0.18877920 0.19480639 0.19544973 0.19742013 0.20387042
 [27] 0.20588724 0.20766469 0.20931678 0.21352171 0.21290723 0.21431513 0.21568667 0.21713469 0.21815451 0.21933062 0.22391043 0.22483647 0.22579372
 [40] 0.22939738 0.23012312 0.22998615 0.23099893 0.23187607 0.23556771 0.23654024 0.23726975 0.23719492 0.23669554 0.23608810 0.23569213 0.23885949
 [53] 0.23963333 0.23984169 0.24043946 0.23963980 0.24019258 0.24201492 0.24198986 0.24220799 0.24417199 0.24475292 0.24516639 0.24578693 0.24728819
 [66] 0.24733684 0.24767603 0.24650556 0.24674387 0.24695080 0.24732568 0.24811092 0.24844923 0.24964190 0.24914400 0.24965101 0.25143982 0.25178360
 [79] 0.25213355 0.25223451 0.25260046 0.25292892 0.25302551 0.25367934 0.25383056 0.25409846 0.25442540 0.25491715 0.25519303 0.25584246 0.25584288
 [92] 0.25606548 0.25664519 0.25690091 0.25685382 0.25698384 0.25725578 0.25738747 0.25780273 0.25784021 0.25806490 0.25825810 0.25919559 0.25933890
[105] 0.25939981 0.25962012 0.25776406 0.25883540 0.25894592 0.25919428 0.25735578 0.25757711 0.25733425 0.25758510 0.25807405 0.25827211 0.25822876
[118] 0.25695340 0.25691538 0.25701352 0.25706848 0.25877158 0.25887367 0.25932977 0.25947174 0.25931070 0.25965603 0.25977269 0.25985636 0.25944834
[131] 0.25961748 0.25962529 0.26016794 0.25982284 0.25997164 0.26011931 0.26101514 0.26082146 0.26093507 0.26107100 0.26072779 0.26090131 0.26158334
[144] 0.26171782 0.26184987 0.26191799 0.26205649 0.26218092 0.26209488 0.26224486 0.26233546 0.26221293 0.26231422 0.26220457 0.26225112 0.26217626
[157] 0.26209404 0.26216687 0.26231111 0.26289430 0.26283953 0.26342387 0.26345480 0.26356362 0.26441242 0.26446278 0.26457774 0.26463553 0.26388241
[170] 0.26368959 0.26373937 0.26383747 0.26297380 0.26304890 0.26313438 0.26344820 0.26445565 0.26451468 0.26446808 0.26456548 0.26364174 0.26375668
[183] 0.26386066 0.26384497 0.26448405 0.26447707 0.26456642 0.26464407 0.26373362 0.26366323 0.26373011 0.26216956 0.26224372 0.26244134 0.26254150
[196] 0.26263150 0.26391253 0.26401990 0.26410945 0.26399381 0.26417549 0.26427158 0.26423383 0.26425398 0.26422636 0.26381783 0.26389272 0.26396400
[209] 0.26392427 0.26362955 0.26371118 0.26416628 0.26415502 0.26455340 0.26456679 0.26464008 0.26465506 0.26368514 0.26366461 0.26367346 0.26376437
[222] 0.26384645 0.26376389 0.26376679 0.26385545 0.26448760 0.26455415 0.26441183 0.26506179 0.26497471 0.26518178 0.26523345 0.26522904 0.26451913
[235] 0.26450603 0.26445271 0.26437912 0.26456420 0.26462538 0.26467811 0.26461500 0.26455999 0.26460935 0.26464345 0.26466508 0.26371474 0.26377285
[248] 0.26400784 0.26403473 0.26403189 0.26409800 0.26409768 0.26417053 0.26390512 0.26391865 0.26398691 0.26391919 0.26363373 0.26367779 0.26373471
[261] 0.26369635 0.26372325 0.26377275 0.26382144 0.26381520 0.26405939 0.26372980 0.26368746 0.26374924 0.26326141 0.26325434 0.26331389 0.26331853
[274] 0.26228042 0.26218382 0.26223402 0.26227335 0.26275567 0.26280419 0.26283190 0.26287414 0.26273459 0.26276472 0.26282542 0.26312403 0.26302680
[287] 0.26307921 0.26284396 0.26283864 0.26308017 0.26313006 0.26316128 0.26318609 0.26315852 0.26318144 0.26318953 0.26320265 0.26314473 0.26305101
[300] 0.26309529 0.26314304 0.26310365 0.26249345 0.26273391 0.26278578 0.26250482 0.26256095 0.26261158 0.26265707 0.26220641 0.26224240 0.26228035
[313] 0.26224857 0.26222197 0.26226436 0.26224137 0.26228764 0.26233190 0.26311137 0.26329573 0.26331498 0.26333823 0.26335420 0.26340170 0.26339161
[326] 0.26342426 0.26292762 0.26294062 0.26291606 0.26283060 0.26283386 0.26286881 0.26291165 0.26294721 0.26287492 0.26288020 0.26290241 0.26253538
[339] 0.26270538 0.26273865 0.26278309 0.26276849 0.26323707 0.26327932 0.26332348 0.26328225 0.26332892 0.26334547 0.26338679 0.26342928 0.26343744
[352] 0.26347182 0.26347403 0.26351291 0.26369625 0.26373490 0.26398931 0.26402838 0.26407132 0.26410089 0.26412157 0.26414403 0.26418178 0.26428801
[365] 0.26432312 0.26436587 0.26435575 0.26354282 0.26352251 0.26355597 0.26358133 0.26366255 0.26370084 0.26390609 0.26388162 0.26339166 0.26342574
[378] 0.26345386 0.26338722 0.26348342 0.26349403 0.26353045 0.26356482 0.26379363 0.26382119 0.26385076 0.26388986 0.26460758 0.26464668 0.26464863
[391] 0.26466892 0.26453055 0.26476014 0.26478466 0.26482273 0.26549499 0.26553478 0.26556541 0.26551640 0.26583258 0.26580795 0.26582594 0.26585026
[404] 0.26577053 0.26571400 0.26573684 0.26575030 0.26583230 0.26576837 0.26572511 0.26571751 0.26574009 0.26578448 0.26581301 0.26582069 0.26578908
[417] 0.26572002 0.26575389 0.26578776 0.26593187 0.26593249 0.26595103 0.26596638 0.26635701 0.26638559 0.26640850 0.26652240 0.26655746 0.26656974
[430] 0.26617094 0.26619293 0.26637325 0.26639853 0.26642655 0.26645097 0.26647807 0.26620118 0.26623160 0.26624603 0.26627771 0.26609875 0.26612134
[443] 0.26615388 0.26617903 0.26608338 0.26625844 0.26629127 0.26628175 0.26612227 0.26613251 0.26616027 0.26615357 0.26613108 0.26613602 0.26614014
[456] 0.26612513 0.26624247 0.26626109 0.26628664 0.26628137 0.26631074 0.26633512 0.26633618 0.26643096 0.26662930 0.26663307 0.26665251 0.26668271
[469] 0.26679579 0.26682762 0.26684516 0.26684630 0.26688480 0.26691159 0.26693670 0.26696004 0.26711498 0.26711360 0.26712909 0.26714892 0.26736371
[482] 0.26738776 0.26751868 0.26753931 0.26751813 0.26750272 0.26708390 0.26703302 0.26703516 0.26706087 0.26705147 0.26707728 0.26708604 0.26722541
[495] 0.26725241 0.26726210 0.26728184 0.26749936 0.26750638 0.26766149




quantile(norm.sum.crit.delta)
        0%        25%        50%        75%       100% 
0.03187914 0.25946589 0.26341278 0.26461076 0.26766149 


per0.25 <- quantile(norm.sum.crit.delta)[2]-quantile(norm.sum.crit.delta)[1]
> per0.25 / (max(norm.sum.crit.delta)-min(norm.sum.crit.delta))
      25% 
0.9652408 

per0.5 <- quantile(norm.sum.crit.delta)[3]-quantile(norm.sum.crit.delta)[1]
> per0.5 / (max(norm.sum.crit.delta)-min(norm.sum.crit.delta))
      50% 
0.9819804 


which(norm.sum.crit.delta>=3*norm.sum.crit.delta[1])[1]
[1] 6

######################################################

S0SEq
             [,1]       [,2]       [,3]
  [1,] 0.46737652 1.61100559 0.66752247
  [2,] 0.52795847 1.80355650 0.82886001
  [3,] 0.27102894 0.67419804 0.32802358
  [4,] 0.28236069 0.69623663 0.35205716
  [5,] 0.26733675 0.66223091 0.31550475
  [6,] 0.25843200 0.64112277 0.30358846
  [7,] 0.22081425 0.45432107 0.22267179
  [8,] 0.21906138 0.45146816 0.21819982
  [9,] 0.21000028 0.43344389 0.20129139
 [10,] 0.22048792 0.45325054 0.21565144
 [11,] 0.20530666 0.36833457 0.17992813
 [12,] 0.21487547 0.38667265 0.18544747
 [13,] 0.21954571 0.39681658 0.18796002
 [14,] 0.20791500 0.34267815 0.16389256
 [15,] 0.21284929 0.35160669 0.16544793
 [16,] 0.20758019 0.34279056 0.16174903
 [17,] 0.20310697 0.33556335 0.15542541
 [18,] 0.19472363 0.30248947 0.13994337
 [19,] 0.19827718 0.30746814 0.14401099
 [20,] 0.19435852 0.30145507 0.13881129
 [21,] 0.19895780 0.30023871 0.13676232
 [22,] 0.19510353 0.29450215 0.13383329
 [23,] 0.15379505 0.26058219 0.13040977
 [24,] 0.15707860 0.26657593 0.13204845
 [25,] 0.15447575 0.26209700 0.12726964
 [26,] 0.15142882 0.24405847 0.11881861
 [27,] 0.15013831 0.24178327 0.11818401
 [28,] 0.14807534 0.23838416 0.11672837
 [29,] 0.14573911 0.23464450 0.11318793
 [30,] 0.14263863 0.22075374 0.10640364
 [31,] 0.14879154 0.23066627 0.10998414
 [32,] 0.14700365 0.22782787 0.10882040
 [33,] 0.14445701 0.21765069 0.10371647
 [34,] 0.14241369 0.21465314 0.10087486
 [35,] 0.14107080 0.21254699 0.10008462
 [36,] 0.14059748 0.21171814 0.10006360
 [37,] 0.13976995 0.20342646 0.09593053
 [38,] 0.13810751 0.20110637 0.09374412
 [39,] 0.13638570 0.19860216 0.09251676
 [40,] 0.11610797 0.18217600 0.09160503
 [41,] 0.11531380 0.18102712 0.09024920
 [42,] 0.11452915 0.17611413 0.08763086
 [43,] 0.11338655 0.17433258 0.08680833
 [44,] 0.11232951 0.17267858 0.08606420
 [45,] 0.11183069 0.16703082 0.08314865
 [46,] 0.11066915 0.16529972 0.08130597
 [47,] 0.11064203 0.16518607 0.08148922
 [48,] 0.11261795 0.16828305 0.08251634
 [49,] 0.11215223 0.16492548 0.08065746
 [50,] 0.11551100 0.17009968 0.08295079
 [51,] 0.11851165 0.17469228 0.08460961
 [52,] 0.11811443 0.16999198 0.08214336
 [53,] 0.11702146 0.16843840 0.08131653
 [54,] 0.11673217 0.16810166 0.08064193
 [55,] 0.11566446 0.16657556 0.07987714
 [56,] 0.11531484 0.16396318 0.07836958
 [57,] 0.11468784 0.16312296 0.07778602
 [58,] 0.10263111 0.15470686 0.07722617
 [59,] 0.10327620 0.15579278 0.07742323
 [60,] 0.10619596 0.16006157 0.07998801
 [61,] 0.10529727 0.15567790 0.07768040
 [62,] 0.10454952 0.15460055 0.07702585
 [63,] 0.10373354 0.15338816 0.07576101
 [64,] 0.10319391 0.15256055 0.07544437
 [65,] 0.10229665 0.14868176 0.07338480
 [66,] 0.10257894 0.14916903 0.07330573
 [67,] 0.10213798 0.14857137 0.07286133
 [68,] 0.10226799 0.14729727 0.07207067
 [69,] 0.10189434 0.14680256 0.07166840
 [70,] 0.10147497 0.14623986 0.07099156
 [71,] 0.10094766 0.14551067 0.07049655
 [72,] 0.10011184 0.14238359 0.06881635
 [73,] 0.10065300 0.14309438 0.06935953
 [74,] 0.09204653 0.13714859 0.06896096
 [75,] 0.09417434 0.14043395 0.07052049
 [76,] 0.09354762 0.13950409 0.07001425
 [77,] 0.09309062 0.13662391 0.06847045
 [78,] 0.09338364 0.13700439 0.06882085
 [79,] 0.09308349 0.13652970 0.06799526
 [80,] 0.09251531 0.13421790 0.06673086
 [81,] 0.09216834 0.13369210 0.06653668
 [82,] 0.09160656 0.13288797 0.06608894
 [83,] 0.09145837 0.13271516 0.06571936
 [84,] 0.09080802 0.13024510 0.06437635
 [85,] 0.09058369 0.12995701 0.06410977
 [86,] 0.09079995 0.13022628 0.06437708
 [87,] 0.09044347 0.12968959 0.06363654
 [88,] 0.08983974 0.12744780 0.06241020
 [89,] 0.08962686 0.12712205 0.06232687
 [90,] 0.08367321 0.12352289 0.06226440
 [91,] 0.08418396 0.12432935 0.06247670
 [92,] 0.08382237 0.12381528 0.06191866
 [93,] 0.08327543 0.12166382 0.06076211
 [94,] 0.08283001 0.12101123 0.06043095
 [95,] 0.08313019 0.12149817 0.06049632
 [96,] 0.08267928 0.11971289 0.05952136
 [97,] 0.08262914 0.11961427 0.05955164
 [98,] 0.08240855 0.11931941 0.05931182
 [99,] 0.08191828 0.11747662 0.05831000
[100,] 0.08190894 0.11749734 0.05811275
[101,] 0.08148771 0.11689602 0.05779773
[102,] 0.08113370 0.11640198 0.05749891
[103,] 0.08073624 0.11462897 0.05653198
[104,] 0.08038981 0.11415004 0.05603515
[105,] 0.08145533 0.11561362 0.05691618
[106,] 0.08105948 0.11505768 0.05661660
[107,] 0.08207501 0.11600874 0.05699160
[108,] 0.07678450 0.11200222 0.05704111
[109,] 0.07652130 0.11163512 0.05661953
[110,] 0.07624482 0.11122182 0.05643554
[111,] 0.07720187 0.11213937 0.05683432
[112,] 0.07686729 0.11164927 0.05659028
[113,] 0.07759177 0.11275397 0.05705122
[114,] 0.07744614 0.11252842 0.05697952
[115,] 0.07704663 0.11097661 0.05611835
[116,] 0.07671538 0.11049669 0.05587716
[117,] 0.07680445 0.11065361 0.05580378
[118,] 0.07725167 0.11078175 0.05579463
[119,] 0.07756775 0.11126932 0.05588677
[120,] 0.07734997 0.11097343 0.05567315
[121,] 0.07720021 0.11077683 0.05539096
[122,] 0.07758108 0.11008855 0.05496040
[123,] 0.07736602 0.10979928 0.05475416
[124,] 0.07330499 0.10718214 0.05463723
[125,] 0.07304992 0.10681997 0.05440506
[126,] 0.07365087 0.10774453 0.05478961
[127,] 0.07330416 0.10640686 0.05404976
[128,] 0.07304091 0.10603402 0.05381924
[129,] 0.07294042 0.10590711 0.05368001
[130,] 0.07281002 0.10510448 0.05321597
[131,] 0.07277272 0.10502992 0.05286754
[132,] 0.07283817 0.10514802 0.05281812
[133,] 0.07252784 0.10389780 0.05212859
[134,] 0.07374550 0.10569717 0.05299550
[135,] 0.07366871 0.10557432 0.05297363
[136,] 0.07340826 0.10519888 0.05278243
[137,] 0.07321898 0.10406089 0.05214365
[138,] 0.07381812 0.10495049 0.05251834
[139,] 0.07354554 0.10456859 0.05229387
[140,] 0.07348709 0.10447267 0.05228731
[141,] 0.07333664 0.10371128 0.05184029
[142,] 0.07318416 0.10348142 0.05147050
[143,] 0.06938111 0.10058907 0.05134715
[144,] 0.06919819 0.10031875 0.05122699
[145,] 0.06931105 0.10046630 0.05136196
[146,] 0.06905443 0.09948171 0.05080602
[147,] 0.06889622 0.09924205 0.05044562
[148,] 0.06866601 0.09890995 0.05027753
[149,] 0.06844744 0.09804037 0.04978259
[150,] 0.06850689 0.09810476 0.04954963
[151,] 0.06880316 0.09850821 0.04982648
[152,] 0.06926364 0.09919837 0.05006350
[153,] 0.06901138 0.09826197 0.04953493
[154,] 0.06929383 0.09869089 0.04967077
[155,] 0.06918157 0.09854450 0.04953340
[156,] 0.06950848 0.09903622 0.04966667
[157,] 0.06929876 0.09821974 0.04920007
[158,] 0.06908397 0.09791918 0.04889015
[159,] 0.06890290 0.09765807 0.04876861
[160,] 0.06570030 0.09523088 0.04871896
[161,] 0.06600665 0.09569937 0.04886462
[162,] 0.06579934 0.09475553 0.04833441
[163,] 0.06567490 0.09458918 0.04812225
[164,] 0.06556288 0.09442133 0.04806017
[165,] 0.06547976 0.09361747 0.04760016
[166,] 0.06534898 0.09343984 0.04738477
[167,] 0.06516229 0.09316946 0.04725412
[168,] 0.06502208 0.09297888 0.04711948
[169,] 0.06514636 0.09282220 0.04699476
[170,] 0.06573311 0.09368931 0.04739319
[171,] 0.06560752 0.09352050 0.04725844
[172,] 0.06567423 0.09360241 0.04734404
[173,] 0.06587494 0.09358519 0.04728859
[174,] 0.06568143 0.09331216 0.04700595
[175,] 0.06549223 0.09304813 0.04684611
[176,] 0.06286715 0.09126388 0.04673168
[177,] 0.06293152 0.09068165 0.04638933
[178,] 0.06345781 0.09141879 0.04684507
[179,] 0.06353211 0.09154332 0.04682767
[180,] 0.06355802 0.09156907 0.04687800
[181,] 0.06380973 0.09165796 0.04688452
[182,] 0.06366973 0.09145322 0.04679202
[183,] 0.06367655 0.09144803 0.04658987
[184,] 0.06377026 0.09159954 0.04659141
[185,] 0.06364466 0.09085284 0.04616501
[186,] 0.06361796 0.09082779 0.04606186
[187,] 0.06360046 0.09079304 0.04607484
[188,] 0.06342592 0.09054741 0.04592833
[189,] 0.06368409 0.09066680 0.04594789
[190,] 0.06380999 0.09086450 0.04598023
[191,] 0.06363930 0.09062534 0.04583644
[192,] 0.06450442 0.09172761 0.04635474
[193,] 0.06433983 0.09149835 0.04621191
[194,] 0.06215456 0.09018001 0.04618890
[195,] 0.06227634 0.09033859 0.04606881
[196,] 0.06211405 0.09010255 0.04594226
[197,] 0.06251428 0.08998961 0.04584105
[198,] 0.06251776 0.08998110 0.04565587
[199,] 0.06236285 0.08975664 0.04553972
[200,] 0.06277120 0.09036731 0.04575220
[201,] 0.06258677 0.08967237 0.04536044
[202,] 0.06260677 0.08968715 0.04519044
[203,] 0.06272990 0.08987997 0.04521632
[204,] 0.06267420 0.08981069 0.04513306
[205,] 0.06269532 0.08985500 0.04508451
[206,] 0.06265943 0.08949776 0.04486582
[207,] 0.06252151 0.08929802 0.04476895
[208,] 0.06236243 0.08907203 0.04464381
[209,] 0.06242367 0.08917474 0.04463178
[210,] 0.06234236 0.08874256 0.04437489
[211,] 0.06235021 0.08874403 0.04440606
[212,] 0.06030746 0.08728947 0.04461574
[213,] 0.06029759 0.08728719 0.04454313
[214,] 0.06014814 0.08662972 0.04417002
[215,] 0.06011700 0.08659533 0.04410451
[216,] 0.06015819 0.08664430 0.04416258
[217,] 0.06008411 0.08654615 0.04403162
[218,] 0.06041223 0.08683721 0.04414658
[219,] 0.06047007 0.08693376 0.04413685
[220,] 0.06043929 0.08689982 0.04407281
[221,] 0.06028185 0.08631210 0.04373761
[222,] 0.06024435 0.08624845 0.04355952
[223,] 0.06049991 0.08663228 0.04367757
[224,] 0.06049228 0.08663230 0.04362890
[225,] 0.06048697 0.08661322 0.04347219
[226,] 0.06043566 0.08607431 0.04316051
[227,] 0.06030096 0.08588156 0.04306116
[228,] 0.06065721 0.08641092 0.04329977
[229,] 0.06061702 0.08589526 0.04299927
[230,] 0.06195658 0.08776221 0.04404797
[231,] 0.06002391 0.08647748 0.04397230
[232,] 0.05990039 0.08630412 0.04386635
[233,] 0.05985657 0.08625058 0.04377015
[234,] 0.06000545 0.08626390 0.04374564
[235,] 0.06002821 0.08630830 0.04371673
[236,] 0.06020622 0.08658023 0.04378661
[237,] 0.06036612 0.08682746 0.04387116
[238,] 0.06021604 0.08625177 0.04354462
[239,] 0.06009894 0.08608172 0.04346139
[240,] 0.05996792 0.08589364 0.04326558
[241,] 0.06020483 0.08625017 0.04337455
[242,] 0.06007758 0.08576251 0.04309424
[243,] 0.05994692 0.08557773 0.04298882
[244,] 0.06045769 0.08628229 0.04315860
[245,] 0.06039465 0.08620025 0.04308227
[246,] 0.06072000 0.08652289 0.04321163
[247,] 0.06085423 0.08670163 0.04334255
[248,] 0.05900359 0.08539635 0.04324845
[249,] 0.05889855 0.08524871 0.04309383
[250,] 0.05877057 0.08475899 0.04281531
[251,] 0.05870969 0.08466563 0.04278299
[252,] 0.05865590 0.08459608 0.04268323
[253,] 0.05857147 0.08447015 0.04262954
[254,] 0.05851043 0.08413374 0.04242928
[255,] 0.05845239 0.08405767 0.04235709
[256,] 0.05846229 0.08406134 0.04223029
[257,] 0.05868591 0.08439896 0.04233456
[258,] 0.05863274 0.08408334 0.04214545
[259,] 0.05887782 0.08442026 0.04236325
[260,] 0.05903162 0.08462534 0.04232183
[261,] 0.05913931 0.08479301 0.04235115
[262,] 0.05901229 0.08431926 0.04208175
[263,] 0.05930046 0.08471236 0.04212363
[264,] 0.05942991 0.08488527 0.04224880
[265,] 0.05942345 0.08488563 0.04220848
[266,] 0.05768659 0.08361818 0.04211839
[267,] 0.05765783 0.08335412 0.04195792
[268,] 0.05770747 0.08343782 0.04195672
[269,] 0.05763654 0.08333081 0.04191393
[270,] 0.05768030 0.08320451 0.04182322
[271,] 0.05769546 0.08323626 0.04179669
[272,] 0.05775278 0.08330715 0.04170552
[273,] 0.05771313 0.08325763 0.04164722
[274,] 0.05813915 0.08377866 0.04188215
[275,] 0.05846174 0.08426118 0.04205241
[276,] 0.05837670 0.08413399 0.04188890
[277,] 0.05826829 0.08398010 0.04179853
[278,] 0.05820317 0.08352361 0.04153937
[279,] 0.05810265 0.08337678 0.04137544
[280,] 0.05800429 0.08323919 0.04128922
[281,] 0.05789443 0.08308237 0.04120347
[282,] 0.05780948 0.08272628 0.04099738
[283,] 0.05770266 0.08257437 0.04084597
[284,] 0.05763026 0.08246687 0.04080232
[285,] 0.05604910 0.08126938 0.04080788
[286,] 0.05595815 0.08089993 0.04059618
[287,] 0.05586509 0.08076287 0.04044061
[288,] 0.05671555 0.08201729 0.04097237
[289,] 0.05669238 0.08199157 0.04092600
[290,] 0.05658144 0.08153358 0.04066934
[291,] 0.05648969 0.08139868 0.04051571
[292,] 0.05639394 0.08126350 0.04043340
[293,] 0.05630681 0.08114165 0.04035441
[294,] 0.05632568 0.08117869 0.04033229
[295,] 0.05621805 0.08077349 0.04010312
[296,] 0.05616003 0.08069583 0.04003918
[297,] 0.05609589 0.08060893 0.03997224
[298,] 0.05620827 0.08078336 0.04003009
[299,] 0.05611982 0.08043193 0.03982828
[300,] 0.05604177 0.08031728 0.03977724
[301,] 0.05596044 0.08019826 0.03972290
[302,] 0.05601998 0.08029468 0.03973691
[303,] 0.05615445 0.08035678 0.03974175
[304,] 0.05467103 0.07923520 0.03968574
[305,] 0.05465573 0.07920701 0.03968894
[306,] 0.05462641 0.07898055 0.03955161
[307,] 0.05460193 0.07893827 0.03943539
[308,] 0.05459668 0.07892434 0.03944704
[309,] 0.05451353 0.07880234 0.03938815
[310,] 0.05456136 0.07872082 0.03932391
[311,] 0.05446983 0.07858810 0.03918598
[312,] 0.05461266 0.07878348 0.03931793
[313,] 0.05467657 0.07888557 0.03932864
[314,] 0.05458467 0.07853453 0.03912815
[315,] 0.05451383 0.07842899 0.03899497
[316,] 0.05453292 0.07846480 0.03897842
[317,] 0.05458097 0.07852593 0.03903367
[318,] 0.05449802 0.07840446 0.03889940
[319,] 0.05466177 0.07827064 0.03880303
[320,] 0.05331209 0.07728181 0.03873431
[321,] 0.05324519 0.07718877 0.03866899
[322,] 0.05316161 0.07706933 0.03854994
[323,] 0.05306897 0.07671696 0.03835024
[324,] 0.05304292 0.07667432 0.03834279
[325,] 0.05304969 0.07669158 0.03832009
[326,] 0.05296428 0.07656773 0.03819305
[327,] 0.05304180 0.07655036 0.03816258
[328,] 0.05297829 0.07646265 0.03810050
[329,] 0.05298129 0.07647472 0.03807035
[330,] 0.05324748 0.07687292 0.03821467
[331,] 0.05315785 0.07653417 0.03802235
[332,] 0.05307379 0.07641292 0.03795904
[333,] 0.05303321 0.07634938 0.03784801

S0SEq[334:500,]
             [,1]       [,2]       [,3]
  [1,] 0.05294877 0.07622878 0.03778111
  [2,] 0.05287138 0.07592558 0.03760710
  [3,] 0.05282726 0.07586716 0.03755660
  [4,] 0.05274488 0.07574961 0.03744054
  [5,] 0.05276410 0.07563842 0.03736302
  [6,] 0.05152687 0.07473172 0.03730057
  [7,] 0.05144639 0.07461520 0.03723772
  [8,] 0.05137801 0.07451419 0.03718994
  [9,] 0.05136701 0.07450485 0.03714900
 [10,] 0.05135426 0.07420695 0.03697694
 [11,] 0.05129503 0.07411884 0.03693828
 [12,] 0.05134626 0.07418431 0.03688287
 [13,] 0.05144252 0.07433291 0.03691912
 [14,] 0.05135615 0.07400703 0.03673518
 [15,] 0.05129625 0.07392414 0.03667803
 [16,] 0.05132160 0.07395312 0.03660922
 [17,] 0.05127494 0.07388264 0.03658240
 [18,] 0.05119294 0.07357406 0.03640752
 [19,] 0.05112371 0.07347268 0.03629469
 [20,] 0.05108268 0.07341823 0.03624837
 [21,] 0.05102150 0.07332818 0.03620808
 [22,] 0.05094051 0.07299650 0.03602140
 [23,] 0.05090190 0.07293687 0.03592228
 [24,] 0.04987078 0.07220368 0.03604391
 [25,] 0.04991880 0.07226645 0.03609596
 [26,] 0.04995684 0.07231505 0.03613992
 [27,] 0.04987746 0.07201388 0.03596883
 [28,] 0.05018648 0.07244577 0.03608023
 [29,] 0.05011551 0.07234494 0.03602080
 [30,] 0.05019713 0.07245378 0.03599019
 [31,] 0.05011535 0.07213884 0.03581249
 [32,] 0.05023549 0.07230317 0.03592148
 [33,] 0.05026930 0.07234555 0.03596172
 [34,] 0.05023702 0.07230396 0.03590505
 [35,] 0.05054544 0.07269387 0.03608042
 [36,] 0.05056056 0.07272231 0.03606751
 [37,] 0.05049094 0.07262143 0.03601688
 [38,] 0.05042005 0.07251887 0.03591169
 [39,] 0.05034000 0.07221550 0.03573975
 [40,] 0.05038182 0.07226902 0.03578619
 [41,] 0.04930602 0.07145282 0.03578495
 [42,] 0.04931098 0.07146648 0.03576292
 [43,] 0.04940490 0.07150569 0.03576469
 [44,] 0.04933974 0.07141040 0.03571724
 [45,] 0.04927014 0.07130993 0.03566285
 [46,] 0.04940042 0.07150895 0.03574780
 [47,] 0.04932324 0.07121147 0.03557888
 [48,] 0.04926998 0.07113758 0.03552805
 [49,] 0.04933848 0.07122939 0.03559614
 [50,] 0.04928887 0.07115484 0.03549880
 [51,] 0.04922343 0.07085568 0.03532859
 [52,] 0.04915658 0.07075912 0.03527863
 [53,] 0.04910273 0.07067917 0.03518125
 [54,] 0.04905998 0.07061489 0.03515614
 [55,] 0.04924597 0.07059346 0.03512192
 [56,] 0.04924593 0.07058864 0.03513361
 [57,] 0.04918984 0.07051080 0.03505519
 [58,] 0.04912580 0.07042060 0.03500194
 [59,] 0.04908107 0.07021770 0.03488135
 [60,] 0.04825565 0.06967871 0.03507336
 [61,] 0.04819183 0.06958602 0.03497697
 [62,] 0.04819536 0.06958634 0.03499141
 [63,] 0.04834204 0.06952418 0.03493801
 [64,] 0.04831117 0.06947655 0.03492278
 [65,] 0.04826641 0.06940931 0.03483177
 [66,] 0.04837295 0.06957114 0.03487931
 [67,] 0.04833225 0.06930454 0.03472502
 [68,] 0.04834389 0.06932747 0.03471158
 [69,] 0.04828340 0.06924238 0.03466036
 [70,] 0.04821958 0.06915093 0.03461163
 [71,] 0.04816468 0.06893074 0.03448250
 [72,] 0.04826142 0.06907810 0.03454114
 [73,] 0.04819773 0.06898733 0.03449177
 [74,] 0.04814202 0.06890973 0.03444277
 [75,] 0.04807252 0.06864623 0.03429128
 [76,] 0.04818990 0.06882325 0.03436675
 [77,] 0.04759038 0.06868065 0.03447394
 [78,] 0.04757851 0.06866826 0.03444802
 [79,] 0.04751799 0.06858199 0.03439816
 [80,] 0.04745080 0.06832720 0.03425240
 [81,] 0.04740272 0.06825574 0.03416432
 [82,] 0.04735654 0.06819199 0.03411998
 [83,] 0.04729671 0.06796222 0.03398736
 [84,] 0.04744250 0.06818158 0.03408721
 [85,] 0.04749777 0.06825487 0.03414309
 [86,] 0.04746810 0.06820926 0.03412831
 [87,] 0.04740349 0.06794744 0.03397863
 [88,] 0.04736056 0.06788886 0.03391613
 [89,] 0.04730129 0.06780485 0.03386828
 [90,] 0.04724570 0.06772679 0.03382099
 [91,] 0.04724023 0.06751316 0.03369437
 [92,] 0.04720154 0.06745507 0.03361322
 [93,] 0.04714323 0.06737151 0.03356997
 [94,] 0.04625989 0.06673113 0.03352499
 [95,] 0.04626360 0.06673223 0.03353811
 [96,] 0.04621137 0.06665856 0.03346507
 [97,] 0.04626915 0.06665735 0.03344911
 [98,] 0.04621187 0.06657496 0.03340477
 [99,] 0.04615444 0.06632508 0.03326188
[100,] 0.04610266 0.06624945 0.03317836
[101,] 0.04622238 0.06641409 0.03328464
[102,] 0.04616759 0.06633488 0.03324420
[103,] 0.04612346 0.06626941 0.03316357
[104,] 0.04613136 0.06618342 0.03310462
[105,] 0.04610231 0.06613908 0.03308954
[106,] 0.04604936 0.06606454 0.03304483
[107,] 0.04604196 0.06604964 0.03298263
[108,] 0.04601785 0.06590578 0.03289443
[109,] 0.04596458 0.06582893 0.03285572
[110,] 0.04596857 0.06583056 0.03286869
[111,] 0.04613321 0.06605701 0.03291035
[112,] 0.04608958 0.06587505 0.03280286
[113,] 0.04528354 0.06527515 0.03283914
[114,] 0.04525957 0.06523780 0.03282793
[115,] 0.04523331 0.06520347 0.03278368
[116,] 0.04520616 0.06505546 0.03269385
[117,] 0.04516052 0.06499174 0.03265246
[118,] 0.04511291 0.06492218 0.03261891
[119,] 0.04508266 0.06488185 0.03257114
[120,] 0.04502965 0.06467903 0.03245330
[121,] 0.04499081 0.06462572 0.03241548
[122,] 0.04494425 0.06456056 0.03235069
[123,] 0.04495851 0.06458601 0.03234376
[124,] 0.04490160 0.06435909 0.03221346
[125,] 0.04484905 0.06428419 0.03217225
[126,] 0.04482448 0.06424595 0.03210529
[127,] 0.04481148 0.06423114 0.03208228
[128,] 0.04475525 0.06402045 0.03196073
[129,] 0.04489159 0.06420823 0.03207808
[130,] 0.04484892 0.06414924 0.03201859
[131,] 0.04407666 0.06359545 0.03197949
[132,] 0.04403019 0.06337484 0.03185269
[133,] 0.04399814 0.06333139 0.03181908
[134,] 0.04395059 0.06326216 0.03174518
[135,] 0.04394325 0.06324832 0.03174765
[136,] 0.04388888 0.06303129 0.03162312
[137,] 0.04388610 0.06302389 0.03162934
[138,] 0.04383902 0.06295552 0.03155653
[139,] 0.04380970 0.06291619 0.03152495
[140,] 0.04375564 0.06271253 0.03140756
[141,] 0.04371170 0.06264860 0.03137679
[142,] 0.04370356 0.06263333 0.03132147
[143,] 0.04366053 0.06257064 0.03129172
[144,] 0.04361125 0.06235946 0.03117022
[145,] 0.04357469 0.06230941 0.03111802
[146,] 0.04352606 0.06224043 0.03107965
[147,] 0.04347873 0.06217246 0.03104482
[148,] 0.04343960 0.06196955 0.03092729
[149,] 0.04340613 0.06191979 0.03086130
[150,] 0.04266720 0.06136080 0.03084267
[151,] 0.04262176 0.06129505 0.03080902
[152,] 0.04265080 0.06134169 0.03081320
[153,] 0.04264695 0.06134013 0.03079235
[154,] 0.04272978 0.06139914 0.03080917
[155,] 0.04284292 0.06156866 0.03086771
[156,] 0.04279392 0.06138375 0.03076068
[157,] 0.04277459 0.06135321 0.03070212
[158,] 0.04320262 0.06195594 0.03104135
[159,] 0.04326900 0.06204578 0.03110334
[160,] 0.04322313 0.06198074 0.03103979
[161,] 0.04317478 0.06177812 0.03092301
[162,] 0.04318917 0.06179488 0.03094302
[163,] 0.04314704 0.06173604 0.03090662
[164,] 0.04310965 0.06168100 0.03084082
[165,] 0.04307391 0.06148703 0.03072810
[166,] 0.04303772 0.06143734 0.03069450
[167,] 0.04238920 0.06096874 0.03075442
##############################################################
S1SEq
            [,1]      [,2]      [,3]
  [1,] 1.1270303 3.9730706 2.0050643
  [2,] 1.0411615 3.6478416 1.8282226
  [3,] 0.5784496 1.5001265 1.7796320
  [4,] 0.6112607 1.6004771 1.7120648
  [5,] 0.6400015 1.7061466 1.6588223
  [6,] 0.7609906 2.0842404 1.7478944
  [7,] 0.6568116 1.4829636 1.7393897
  [8,] 0.7349899 1.6994652 1.7528920
  [9,] 0.7542227 1.7699258 1.7390168
 [10,] 0.7434693 1.7495262 1.6548837
 [11,] 0.6910352 1.4141059 1.6526500
 [12,] 0.7604660 1.5954962 1.6731716
 [13,] 0.8153651 1.7495382 1.7876932
 [14,] 0.7653416 1.4736959 1.7496190
 [15,] 0.8132764 1.5968672 1.7243848
 [16,] 0.8188204 1.6224233 1.6663309
 [17,] 0.8375886 1.6810981 1.6968999
 [18,] 0.7957515 1.4710800 1.6456947
 [19,] 0.7876306 1.4605730 1.5830451
 [20,] 0.8004132 1.4996696 1.6063287
 [21,] 0.7691747 1.3716699 1.5569232
 [22,] 0.7821099 1.4074992 1.5144931
 [23,] 0.5990443 1.2132426 1.4988301
 [24,] 0.6221600 1.2787212 1.4924801
 [25,] 0.6255501 1.2958849 1.4898752
 [26,] 0.6059798 1.1729162 1.4548234
 [27,] 0.6061443 1.1793571 1.4228967
 [28,] 0.6076383 1.1891830 1.3928430
 [29,] 0.6136572 1.2109860 1.4041107
 [30,] 0.5974475 1.1150705 1.3702758
 [31,] 0.6192413 1.1710432 1.3671380
 [32,] 0.6197339 1.1777722 1.3399788
 [33,] 0.6041370 1.0980823 1.3043277
 [34,] 0.6099210 1.1175757 1.3178417
 [35,] 0.6100210 1.1223221 1.2900521
 [36,] 0.6081662 1.1225620 1.2654684
 [37,] 0.5972918 1.0505450 1.2377138
 [38,] 0.6036020 1.0699765 1.2540966
 [39,] 0.6062700 1.0799034 1.2314760
 [40,] 0.5119182 0.9871827 1.2476485
 [41,] 0.5179991 1.0069932 1.2661954
 [42,] 0.5076481 0.9527476 1.2389085
 [43,] 0.5088548 0.9592974 1.2207776
 [44,] 0.5095723 0.9646159 1.2031683
 [45,] 0.5020258 0.9117102 1.1797238
 [46,] 0.5039583 0.9202388 1.1843823
 [47,] 0.5029335 0.9209515 1.1665569
 [48,] 0.5117459 0.9443189 1.1595558
 [49,] 0.5034280 0.9025715 1.1364631
 [50,] 0.5145095 0.9313539 1.1723362
 [51,] 0.5243573 0.9567525 1.1666471
 [52,] 0.5178556 0.9118935 1.1459262
 [53,] 0.5197135 0.9189813 1.1315881
 [54,] 0.5249424 0.9343784 1.1485567
 [55,] 0.5264292 0.9407442 1.1348921
 [56,] 0.5190868 0.9052114 1.1145704
 [57,] 0.5223057 0.9150353 1.1027610
 [58,] 0.4615512 0.8596516 1.0928646
 [59,] 0.4674769 0.8770776 1.1132275
 [60,] 0.4643291 0.8713433 1.0994945
 [61,] 0.4587939 0.8356717 1.0811921
 [62,] 0.4607758 0.8426625 1.0706199
 [63,] 0.4621791 0.8488329 1.0746673
 [64,] 0.4618882 0.8504557 1.0629532
 [65,] 0.4567380 0.8184513 1.0458695
 [66,] 0.4612923 0.8315545 1.0617086
 [67,] 0.4640182 0.8400899 1.0530399
 [68,] 0.4586565 0.8140456 1.0372813
 [69,] 0.4613121 0.8221278 1.0287333
 [70,] 0.4641365 0.8311443 1.0383542
 [71,] 0.4662099 0.8378366 1.0284883
 [72,] 0.4614336 0.8105765 1.0132158
 [73,] 0.4598577 0.8087611 1.0024136
 [74,] 0.4170103 0.7707184 0.9950344
 [75,] 0.4231404 0.7874220 1.0170610
 [76,] 0.4237285 0.7906034 1.0066525
 [77,] 0.4198800 0.7642540 0.9927923
 [78,] 0.4186937 0.7630780 0.9831332
 [79,] 0.4185989 0.7648637 0.9818522
 [80,] 0.4145543 0.7428555 0.9687976
 [81,] 0.4142843 0.7438395 0.9600779
 [82,] 0.4152579 0.7477266 0.9525974
 [83,] 0.4179552 0.7560039 0.9621354
 [84,] 0.4143100 0.7347346 0.9497625
 [85,] 0.4163639 0.7409467 0.9435915
 [86,] 0.4153269 0.7399840 0.9352034
 [87,] 0.4154707 0.7420695 0.9352821
 [88,] 0.4120530 0.7224430 0.9236782
 [89,] 0.4116113 0.7228438 0.9159143
 [90,] 0.3797689 0.6955369 0.9066529
 [91,] 0.3827023 0.7037116 0.9028806
 [92,] 0.3843804 0.7094523 0.9086928
 [93,] 0.3812756 0.6908411 0.8979641
 [94,] 0.3816713 0.6931029 0.8915665
 [95,] 0.3845193 0.7013978 0.9017758
 [96,] 0.3814649 0.6843584 0.8915589
 [97,] 0.3809511 0.6843867 0.8846928
 [98,] 0.3824764 0.6891700 0.8797401
 [99,] 0.3796402 0.6728288 0.8698613
[100,] 0.3818503 0.6793777 0.8778084
[101,] 0.3823960 0.6818585 0.8720469
[102,] 0.3833830 0.6853485 0.8668260
[103,] 0.3808585 0.6692581 0.8574000
[104,] 0.3820839 0.6734846 0.8617672
[105,] 0.3807720 0.6714293 0.8553546
[106,] 0.3813763 0.6739579 0.8500808
[107,] 0.3787082 0.6619828 0.8420215
[108,] 0.3533494 0.6393662 0.8494689
[109,] 0.3546684 0.6437948 0.8544121
[110,] 0.3546458 0.6448080 0.8489338
[111,] 0.3522149 0.6335646 0.8412588
[112,] 0.3523908 0.6349960 0.8360318
[113,] 0.3552779 0.6429139 0.8467969
[114,] 0.3549465 0.6431001 0.8404464
[115,] 0.3527601 0.6297790 0.8321819
[116,] 0.3529554 0.6312150 0.8272013
[117,] 0.3548771 0.6368332 0.8344564
[118,] 0.3525895 0.6260238 0.8270573
[119,] 0.3544725 0.6310404 0.8228451
[120,] 0.3554647 0.6342734 0.8188238
[121,] 0.3568513 0.6386430 0.8240199
[122,] 0.3554213 0.6255214 0.8169034
[123,] 0.3563890 0.6286446 0.8129269
[124,] 0.3356009 0.6109418 0.8076828
[125,] 0.3363177 0.6135379 0.8037778
[126,] 0.3387700 0.6204317 0.8129983
[127,] 0.3367983 0.6086177 0.8056475
[128,] 0.3374474 0.6110238 0.8017461
[129,] 0.3385137 0.6143930 0.7983590
[130,] 0.3364862 0.6038136 0.7913465
[131,] 0.3362683 0.6042762 0.7901361
[132,] 0.3375367 0.6079069 0.7861521
[133,] 0.3357511 0.5968860 0.7793230
[134,] 0.3386966 0.6045878 0.7901139
[135,] 0.3383367 0.6045252 0.7849735
[136,] 0.3383582 0.6053475 0.7801016
[137,] 0.3367612 0.5944352 0.7735068
[138,] 0.3390039 0.6004952 0.7818466
[139,] 0.3393600 0.6020544 0.7772944
[140,] 0.3389649 0.6018846 0.7724170
[141,] 0.3371335 0.5924334 0.7660873
[142,] 0.3371060 0.5932632 0.7658909
[143,] 0.3194612 0.5777650 0.7682774
[144,] 0.3193501 0.5782586 0.7642095
[145,] 0.3188306 0.5777430 0.7600042
[146,] 0.3171860 0.5684144 0.7538863
[147,] 0.3172325 0.5693686 0.7539009
[148,] 0.3173129 0.5702799 0.7501464
[149,] 0.3157142 0.5614993 0.7443238
[150,] 0.3154302 0.5615985 0.7429279
[151,] 0.3148336 0.5608263 0.7385763
[152,] 0.3165051 0.5652801 0.7369188
[153,] 0.3149923 0.5566849 0.7312932
[154,] 0.3166221 0.5612121 0.7374450
[155,] 0.3173571 0.5634838 0.7340069
[156,] 0.3187405 0.5671585 0.7312892
[157,] 0.3172193 0.5588884 0.7258159
[158,] 0.3177856 0.5609986 0.7279928
[159,] 0.3177111 0.5614458 0.7240809
[160,] 0.3027481 0.5483134 0.7270706
[161,] 0.3040689 0.5519790 0.7250812
[162,] 0.3027605 0.5434272 0.7197387
[163,] 0.3035902 0.5461778 0.7229735
[164,] 0.3034065 0.5463742 0.7195541
[165,] 0.3022510 0.5379695 0.7144611
[166,] 0.3030052 0.5404797 0.7174374
[167,] 0.3030486 0.5411952 0.7144053
[168,] 0.3035860 0.5430453 0.7116737
[169,] 0.3021955 0.5362473 0.7069510
[170,] 0.3039833 0.5410539 0.7137198
[171,] 0.3045340 0.5428591 0.7106185
[172,] 0.3041360 0.5424774 0.7069813
[173,] 0.3027798 0.5359879 0.7024372
[174,] 0.3031906 0.5376497 0.7040626
[175,] 0.3034847 0.5388626 0.7008783
[176,] 0.2905476 0.5278794 0.6982547
[177,] 0.2895944 0.5201154 0.6937482
[178,] 0.2889482 0.5190614 0.6905933
[179,] 0.2900264 0.5222620 0.6948100
[180,] 0.2897056 0.5220139 0.6914393
[181,] 0.2884664 0.5160991 0.6872801
[182,] 0.2883901 0.5164573 0.6843922
[183,] 0.2882088 0.5166257 0.6834954
[184,] 0.2890886 0.5190968 0.6811940
[185,] 0.2880752 0.5120427 0.6768352
[186,] 0.2889270 0.5146561 0.6801536
[187,] 0.2886649 0.5145296 0.6769834
[188,] 0.2888980 0.5155493 0.6741425
[189,] 0.2877252 0.5100224 0.6702491
[190,] 0.2888160 0.5131493 0.6744237
[191,] 0.2890679 0.5142015 0.6716521
[192,] 0.2879966 0.5095774 0.6683360
[193,] 0.2882787 0.5106799 0.6656217
[194,] 0.2770644 0.5013109 0.6618813
[195,] 0.2767796 0.5011494 0.6604656
[196,] 0.2768540 0.5017805 0.6577386
[197,] 0.2762528 0.4950493 0.6541931
[198,] 0.2760835 0.4951778 0.6533513
[199,] 0.2761251 0.4957181 0.6506548
[200,] 0.2773174 0.4988033 0.6491560
[201,] 0.2763052 0.4927961 0.6453007
[202,] 0.2761223 0.4928806 0.6444280
[203,] 0.2769678 0.4951958 0.6425627
[204,] 0.2775070 0.4968464 0.6403956
[205,] 0.2783568 0.4994017 0.6435802
[206,] 0.2773020 0.4939988 0.6399687
[207,] 0.2772816 0.4943793 0.6373859
[208,] 0.2774063 0.4950918 0.6349294
[209,] 0.2783067 0.4977412 0.6382759
[210,] 0.2772810 0.4923699 0.6347089
[211,] 0.2770197 0.4921726 0.6320946
[212,] 0.2670215 0.4833639 0.6366581
[213,] 0.2677493 0.4856253 0.6394888
[214,] 0.2668721 0.4798969 0.6359174
[215,] 0.2674090 0.4815201 0.6339284
[216,] 0.2671298 0.4812530 0.6313773
[217,] 0.2677068 0.4831443 0.6336267
[218,] 0.2667623 0.4787489 0.6305459
[219,] 0.2674378 0.4806663 0.6287732
[220,] 0.2679530 0.4822333 0.6268505
[221,] 0.2670446 0.4769617 0.6234128
[222,] 0.2669490 0.4772086 0.6229597
[223,] 0.2678647 0.4796310 0.6215198
[224,] 0.2684064 0.4812442 0.6196824
[225,] 0.2682638 0.4813709 0.6190348
[226,] 0.2675167 0.4758488 0.6157551
[227,] 0.2675471 0.4762997 0.6135185
[228,] 0.2687325 0.4795198 0.6178778
[229,] 0.2680067 0.4741157 0.6146589
[230,] 0.2673321 0.4727253 0.6126984
[231,] 0.2583597 0.4651696 0.6104284
[232,] 0.2586052 0.4661382 0.6087046
[233,] 0.2591959 0.4680163 0.6109826
[234,] 0.2583262 0.4638337 0.6080969
[235,] 0.2588979 0.4654856 0.6064677
[236,] 0.2596761 0.4675919 0.6050864
[237,] 0.2605932 0.4702160 0.6085354
[238,] 0.2597807 0.4653009 0.6054145
[239,] 0.2597586 0.4656062 0.6033048
[240,] 0.2599438 0.4665044 0.6040215
[241,] 0.2607890 0.4687550 0.6027771
[242,] 0.2599567 0.4641174 0.5997510
[243,] 0.2600816 0.4647562 0.5977922
[244,] 0.2596215 0.4639660 0.5956546
[245,] 0.2600091 0.4651973 0.5939697
[246,] 0.2592039 0.4615366 0.5914330
[247,] 0.2588731 0.4610801 0.5893496
[248,] 0.2507414 0.4541577 0.5880136
[249,] 0.2511001 0.4554543 0.5893807
[250,] 0.2503236 0.4510373 0.5865409
[251,] 0.2501987 0.4510694 0.5845519
[252,] 0.2506937 0.4526705 0.5864397
[253,] 0.2506162 0.4528167 0.5845064
[254,] 0.2498369 0.4487210 0.5817892
[255,] 0.2502021 0.4498761 0.5802192
[256,] 0.2500574 0.4499095 0.5795562
[257,] 0.2508441 0.4519959 0.5784867
[258,] 0.2500753 0.4479918 0.5758369
[259,] 0.2497085 0.4474060 0.5739237
[260,] 0.2494417 0.4471097 0.5727281
[261,] 0.2500793 0.4488562 0.5715305
[262,] 0.2493546 0.4447090 0.5688784
[263,] 0.2490116 0.4441995 0.5673385
[264,] 0.2487126 0.4437839 0.5654818
[265,] 0.2491701 0.4451212 0.5641333
[266,] 0.2418206 0.4388259 0.5635187
[267,] 0.2410978 0.4350926 0.5610502
[268,] 0.2417515 0.4370179 0.5634820
[269,] 0.2416663 0.4371144 0.5617327
[270,] 0.2409566 0.4336056 0.5593741
[271,] 0.2414282 0.4349663 0.5581111
[272,] 0.2412479 0.4348692 0.5572871
[273,] 0.2416196 0.4360123 0.5559494
[274,] 0.2409716 0.4331346 0.5539682
[275,] 0.2418266 0.4353204 0.5531932
[276,] 0.2418480 0.4357347 0.5532297
[277,] 0.2419951 0.4363670 0.5517180
[278,] 0.2414244 0.4322678 0.5493273
[279,] 0.2415033 0.4328158 0.5496014
[280,] 0.2416998 0.4335529 0.5481522
[281,] 0.2417878 0.4340420 0.5466279
[282,] 0.2411179 0.4304410 0.5443015
[283,] 0.2413169 0.4312704 0.5450367
[284,] 0.2412429 0.4313760 0.5434339
[285,] 0.2345352 0.4254953 0.5449645
[286,] 0.2338918 0.4219505 0.5426815
[287,] 0.2339651 0.4224692 0.5429290
[288,] 0.2352611 0.4255836 0.5428968
[289,] 0.2356277 0.4266980 0.5416893
[290,] 0.2350326 0.4229451 0.5394018
[291,] 0.2350981 0.4234437 0.5396222
[292,] 0.2352593 0.4240868 0.5382389
[293,] 0.2354537 0.4248056 0.5368957
[294,] 0.2359886 0.4264196 0.5388527
[295,] 0.2353711 0.4228721 0.5366255
[296,] 0.2356496 0.4237756 0.5353746
[297,] 0.2359064 0.4246310 0.5341134
[298,] 0.2365770 0.4265491 0.5365307
[299,] 0.2359548 0.4231328 0.5343505
[300,] 0.2359087 0.4232871 0.5328737
[301,] 0.2358706 0.4234591 0.5314123
[302,] 0.2364566 0.4251738 0.5335313
[303,] 0.2358437 0.4222839 0.5315854
[304,] 0.2296379 0.4168831 0.5318708
[305,] 0.2294956 0.4167936 0.5303908
[306,] 0.2288936 0.4136790 0.5283444
[307,] 0.2288196 0.4138033 0.5279957
[308,] 0.2286701 0.4136918 0.5265363
[309,] 0.2286584 0.4139138 0.5251525
[310,] 0.2280708 0.4110281 0.5232217
[311,] 0.2281893 0.4116253 0.5236561
[312,] 0.2279309 0.4112310 0.5222208
[313,] 0.2283952 0.4125276 0.5213048
[314,] 0.2278306 0.4093542 0.5192803
[315,] 0.2278517 0.4097061 0.5193354
[316,] 0.2282461 0.4108417 0.5183570
[317,] 0.2280484 0.4106016 0.5169572
[318,] 0.2281143 0.4110627 0.5171889
[319,] 0.2277836 0.4075502 0.5153658
[320,] 0.2221139 0.4026809 0.5148338
[321,] 0.2223147 0.4033810 0.5137039
[322,] 0.2225106 0.4041545 0.5144305
[323,] 0.2219768 0.4010741 0.5124943
[324,] 0.2218660 0.4010381 0.5111583
[325,] 0.2222199 0.4020759 0.5102071
[326,] 0.2223400 0.4026599 0.5106445
[327,] 0.2218003 0.4000456 0.5088955
[328,] 0.2220025 0.4007393 0.5078060
[329,] 0.2224302 0.4020444 0.5093751
[330,] 0.2231087 0.4037939 0.5088342
[331,] 0.2225857 0.4007987 0.5069520
[332,] 0.2226235 0.4011132 0.5057436
[333,] 0.2225856 0.4012967 0.5055630

S1SEq[334:500,]
            [,1]      [,2]      [,3]
  [1,] 0.2226683 0.4017159 0.5044065
  [2,] 0.2221478 0.3988327 0.5025725
  [3,] 0.2223887 0.3996051 0.5015600
  [4,] 0.2225402 0.4002511 0.5021188
  [5,] 0.2220171 0.3976576 0.5004052
  [6,] 0.2167664 0.3931428 0.4998718
  [7,] 0.2168215 0.3934892 0.4987280
  [8,] 0.2168040 0.3936630 0.4975418
  [9,] 0.2171830 0.3948468 0.4989298
 [10,] 0.2167831 0.3917496 0.4971869
 [11,] 0.2167428 0.3918668 0.4959984
 [12,] 0.2166049 0.3917740 0.4953858
 [13,] 0.2170616 0.3930219 0.4946772
 [14,] 0.2165810 0.3902063 0.4929281
 [15,] 0.2167584 0.3908253 0.4919267
 [16,] 0.2166457 0.3907968 0.4914327
 [17,] 0.2165818 0.3908535 0.4902703
 [18,] 0.2161056 0.3881194 0.4885592
 [19,] 0.2161575 0.3885033 0.4887384
 [20,] 0.2163842 0.3892292 0.4878136
 [21,] 0.2163549 0.3893656 0.4866899
 [22,] 0.2159114 0.3865699 0.4849974
 [23,] 0.2158852 0.3867562 0.4848740
 [24,] 0.2110447 0.3824762 0.4871035
 [25,] 0.2108822 0.3822778 0.4859439
 [26,] 0.2107266 0.3820960 0.4847924
 [27,] 0.2102751 0.3794633 0.4831361
 [28,] 0.2100150 0.3790053 0.4819333
 [29,] 0.2101210 0.3794483 0.4809467
 [30,] 0.2099681 0.3792936 0.4802728
 [31,] 0.2095375 0.3766744 0.4786604
 [32,] 0.2093337 0.3763641 0.4775407
 [33,] 0.2091850 0.3761950 0.4764280
 [34,] 0.2094834 0.3771473 0.4775238
 [35,] 0.2090711 0.3753235 0.4762731
 [36,] 0.2093907 0.3762363 0.4755288
 [37,] 0.2094090 0.3764689 0.4745109
 [38,] 0.2094983 0.3769226 0.4748375
 [39,] 0.2090784 0.3744021 0.4732743
 [40,] 0.2089253 0.3742183 0.4721911
 [41,] 0.2044278 0.3702840 0.4730966
 [42,] 0.2047872 0.3713740 0.4744229
 [43,] 0.2043594 0.3693255 0.4730398
 [44,] 0.2043720 0.3695387 0.4720449
 [45,] 0.2044255 0.3698471 0.4710865
 [46,] 0.2049639 0.3713404 0.4730289
 [47,] 0.2045609 0.3688868 0.4715060
 [48,] 0.2047201 0.3694358 0.4706466
 [49,] 0.2045530 0.3692056 0.4695969
 [50,] 0.2045614 0.3694494 0.4696114
 [51,] 0.2041890 0.3669681 0.4681168
 [52,] 0.2042205 0.3672201 0.4671651
 [53,] 0.2042413 0.3674909 0.4672328
 [54,] 0.2041941 0.3675566 0.4662428
 [55,] 0.2039918 0.3649618 0.4649444
 [56,] 0.2038837 0.3648777 0.4639313
 [57,] 0.2040789 0.3655629 0.4646619
 [58,] 0.2041809 0.3659739 0.4637913
 [59,] 0.2037746 0.3637969 0.4623679
 [60,] 0.1996308 0.3601351 0.4649983
 [61,] 0.1997105 0.3605438 0.4653029
 [62,] 0.1996041 0.3604576 0.4643092
 [63,] 0.1993928 0.3579562 0.4630174
 [64,] 0.1993290 0.3579729 0.4620432
 [65,] 0.1993325 0.3581905 0.4620487
 [66,] 0.1997440 0.3592824 0.4615377
 [67,] 0.1994176 0.3569199 0.4601291
 [68,] 0.1997568 0.3579286 0.4613962
 [69,] 0.1998592 0.3583330 0.4605551
 [70,] 0.1999014 0.3585991 0.4596695
 [71,] 0.1995183 0.3564824 0.4582834
 [72,] 0.1999794 0.3577619 0.4599685
 [73,] 0.2000328 0.3580525 0.4590981
 [74,] 0.2001508 0.3584901 0.4582870
 [75,] 0.1997881 0.3562969 0.4568935
 [76,] 0.2002714 0.3576221 0.4586488
 [77,] 0.1964432 0.3545994 0.4560904
 [78,] 0.1966706 0.3552841 0.4554108
 [79,] 0.1967476 0.3556274 0.4545891
 [80,] 0.1963846 0.3534745 0.4532281
 [81,] 0.1964030 0.3537200 0.4532895
 [82,] 0.1965457 0.3542108 0.4525360
 [83,] 0.1961799 0.3521372 0.4512047
 [84,] 0.1966852 0.3535114 0.4530283
 [85,] 0.1965420 0.3533199 0.4521054
 [86,] 0.1964825 0.3533369 0.4512102
 [87,] 0.1961436 0.3511919 0.4498800
 [88,] 0.1963412 0.3518610 0.4506278
 [89,] 0.1964136 0.3521867 0.4498282
 [90,] 0.1965106 0.3525683 0.4490541
 [91,] 0.1962303 0.3503416 0.4477705
 [92,] 0.1962267 0.3505250 0.4477538
 [93,] 0.1962554 0.3507471 0.4469319
 [94,] 0.1925369 0.3475747 0.4464765
 [95,] 0.1924406 0.3474944 0.4455975
 [96,] 0.1925883 0.3480449 0.4461582
 [97,] 0.1922338 0.3463226 0.4449907
 [98,] 0.1922757 0.3465726 0.4441992
 [99,] 0.1919591 0.3445030 0.4429309
[100,] 0.1920028 0.3447963 0.4430961
[101,] 0.1918325 0.3445222 0.4422320
[102,] 0.1918524 0.3447183 0.4414360
[103,] 0.1918685 0.3449423 0.4414923
[104,] 0.1915211 0.3431909 0.4403175
[105,] 0.1914707 0.3432184 0.4394863
[106,] 0.1915596 0.3435710 0.4387586
[107,] 0.1915092 0.3436252 0.4385467
[108,] 0.1911679 0.3418329 0.4373615
[109,] 0.1911854 0.3420190 0.4365846
[110,] 0.1910932 0.3419422 0.4357537
[111,] 0.1909235 0.3416731 0.4350106
[112,] 0.1905917 0.3398607 0.4338283
[113,] 0.1871245 0.3368240 0.4349686
[114,] 0.1870705 0.3368364 0.4341630
[115,] 0.1872863 0.3375287 0.4349760
[116,] 0.1869585 0.3357861 0.4338221
[117,] 0.1870700 0.3361836 0.4331471
[118,] 0.1870701 0.3363238 0.4323836
[119,] 0.1872727 0.3369824 0.4331465
[120,] 0.1869570 0.3351748 0.4319801
[121,] 0.1870882 0.3356146 0.4313334
[122,] 0.1872307 0.3361293 0.4318764
[123,] 0.1874703 0.3368118 0.4313513
[124,] 0.1871742 0.3349445 0.4301874
[125,] 0.1872248 0.3351995 0.4294765
[126,] 0.1872047 0.3353185 0.4293923
[127,] 0.1873935 0.3358857 0.4288204
[128,] 0.1870893 0.3340875 0.4276746
[129,] 0.1869223 0.3338081 0.4268953
[130,] 0.1870765 0.3343448 0.4274789
[131,] 0.1837973 0.3315577 0.4269749
[132,] 0.1835244 0.3297071 0.4258521
[133,] 0.1836641 0.3301607 0.4252463
[134,] 0.1837140 0.3304477 0.4254363
[135,] 0.1836451 0.3304149 0.4246785
[136,] 0.1833619 0.3286285 0.4235656
[137,] 0.1832879 0.3285821 0.4228089
[138,] 0.1833382 0.3288672 0.4230019
[139,] 0.1834822 0.3293282 0.4224172
[140,] 0.1831931 0.3276036 0.4213203
[141,] 0.1831943 0.3277361 0.4206135
[142,] 0.1831548 0.3277967 0.4204487
[143,] 0.1831540 0.3279244 0.4197481
[144,] 0.1828858 0.3261690 0.4186655
[145,] 0.1830453 0.3267073 0.4192672
[146,] 0.1831009 0.3269640 0.4186143
[147,] 0.1831241 0.3271462 0.4179390
[148,] 0.1828703 0.3253860 0.4168723
[149,] 0.1828761 0.3255564 0.4168962
[150,] 0.1797753 0.3228728 0.4172066
[151,] 0.1797957 0.3230462 0.4165385
[152,] 0.1800345 0.3237115 0.4160913
[153,] 0.1802660 0.3244180 0.4169529
[154,] 0.1799787 0.3230561 0.4160172
[155,] 0.1803215 0.3239461 0.4157006
[156,] 0.1800420 0.3223205 0.4146574
[157,] 0.1800213 0.3224216 0.4145697
[158,] 0.1798062 0.3219686 0.4139588
[159,] 0.1796831 0.3217894 0.4132460
[160,] 0.1797811 0.3221781 0.4136222
[161,] 0.1795254 0.3205152 0.4125933
[162,] 0.1794400 0.3204311 0.4118898
[163,] 0.1795264 0.3207512 0.4113014
[164,] 0.1795453 0.3209467 0.4113756
[165,] 0.1793080 0.3192739 0.4103660
[166,] 0.1794163 0.3196411 0.4098028
[167,] 0.1764976 0.3170838 0.4110462

##############################################
THETA.HAT
           [,1]     [,2]     [,3]     [,4]      [,5]     [,6]
  [1,] 7.589648 5.574717 2.829855 8.369795  8.411914 14.58287
  [2,] 7.409786 4.929528 2.690126 8.815764 10.104377 14.20060
  [3,] 7.417879 4.959728 2.703735 7.794852  6.108986 13.27699
  [4,] 7.379878 4.845351 2.739440 8.005419  6.805144 12.70118
  [5,] 7.349268 4.787564 2.670984 8.245712  7.485688 13.84924
  [6,] 7.363777 4.825214 2.665325 8.581682  8.598857 13.26611
  [7,] 7.273037 4.502542 2.516781 8.101472  6.715062 12.58475
  [8,] 7.288599 4.538241 2.500933 8.309325  7.348279 11.98307
  [9,] 7.280037 4.523486 2.481839 8.498103  7.875882 12.82640
 [10,] 7.249947 4.459632 2.500066 8.586305  8.145848 12.64647
 [11,] 7.159562 4.168946 2.366430 8.229124  6.805489 12.12032
 [12,] 7.183709 4.214012 2.347733 8.430995  7.367209 11.68346
 [13,] 7.214240 4.262037 2.410820 8.667462  8.012233 12.67514
 [14,] 7.172250 4.127232 2.348039 8.417956  7.059092 12.28456
 [15,] 7.191917 4.161067 2.330718 8.569446  7.472500 11.86778
 [16,] 7.187804 4.154392 2.333949 8.667642  7.729274 11.66050
 [17,] 7.191643 4.160839 2.345398 8.799314  8.105815 12.25508
 [18,] 7.182652 4.131853 2.331832 8.621036  7.408546 11.94365
 [19,] 7.164845 4.104333 2.347033 8.670050  7.532751 11.80485
 [20,] 7.167099 4.107982 2.354156 8.772630  7.815890 12.28377
 [21,] 7.213615 4.259521 2.425962 8.701073  7.532164 12.15340
 [22,] 7.216018 4.263133 2.424067 8.789580  7.749739 11.91242
 [23,] 7.259233 4.312136 2.430660 8.382619  7.233518 12.37647
 [24,] 7.270844 4.332379 2.418651 8.479020  7.514510 12.13911
 [25,] 7.268052 4.327901 2.410357 8.549313  7.726572 12.53772
 [26,] 7.247792 4.253399 2.374414 8.427669  7.199726 12.24455
 [27,] 7.241869 4.243690 2.380065 8.476578  7.336415 12.12059
 [28,] 7.238600 4.238558 2.383337 8.526463  7.471986 11.98769
 [29,] 7.238969 4.239138 2.384449 8.596946  7.681481 12.38014
 [30,] 7.230073 4.206305 2.368391 8.504279  7.270965 12.14057
 [31,] 7.244023 4.228184 2.356043 8.591706  7.509151 11.92390
 [32,] 7.240752 4.223258 2.359100 8.636021  7.626548 11.80960
 [33,] 7.244456 4.236978 2.365810 8.568581  7.327409 11.62564
 [34,] 7.245667 4.238659 2.368468 8.641229  7.522522 11.98055
 [35,] 7.241643 4.232687 2.372516 8.676615  7.615887 11.86130
 [36,] 7.235582 4.223858 2.377656 8.711445  7.705798 11.77510
 [37,] 7.219579 4.164176 2.348122 8.628286  7.329583 11.54049
 [38,] 7.222162 4.167647 2.353325 8.700299  7.517809 11.86960
 [39,] 7.221784 4.167107 2.353672 8.739290  7.617594 11.74181
 [40,] 7.184964 4.128064 2.349257 8.406226  7.226753 12.13823
 [41,] 7.188299 4.133024 2.358718 8.464473  7.401699 12.49197
 [42,] 7.196357 4.165117 2.375050 8.420926  7.194685 12.35470
 [43,] 7.194534 4.162421 2.376879 8.455117  7.286950 12.25431
 [44,] 7.192501 4.159414 2.378916 8.487145  7.373854 12.16193
 [45,] 7.181413 4.115100 2.356183 8.425038  7.078165 11.95735
 [46,] 7.180005 4.113170 2.352860 8.470097  7.203310 12.21045
 [47,] 7.175236 4.106347 2.357295 8.495805  7.270912 12.13599
 [48,] 7.182654 4.116964 2.350387 8.545047  7.401213 11.99613
 [49,] 7.189883 4.146002 2.365267 8.510755  7.234968 11.88113
 [50,] 7.201186 4.161313 2.390481 8.582730  7.433109 12.26475
 [51,] 7.210155 4.173983 2.382510 8.634835  7.569577 12.12280
 [52,] 7.200180 4.133747 2.361862 8.581529  7.307147 11.94222
 [53,] 7.200640 4.134380 2.361440 8.613711  7.388398 11.84801
 [54,] 7.204416 4.139732 2.371509 8.664391  7.532067 12.12636
 [55,] 7.204393 4.139701 2.371528 8.696207  7.613944 12.04178
 [56,] 7.210896 4.166075 2.385132 8.667004  7.467515 11.94030
 [57,] 7.213541 4.169684 2.382822 8.702035  7.555220 11.84204
 [58,] 7.254021 4.211533 2.386881 8.532335  7.363315 12.04815
 [59,] 7.259318 4.219128 2.401399 8.583057  7.513355 12.35311
 [60,] 7.251316 4.207552 2.409500 8.593209  7.541209 12.32380
 [61,] 7.246689 4.188209 2.399440 8.552086  7.334159 12.17413
 [62,] 7.247865 4.189874 2.398223 8.579606  7.407251 12.08869
 [63,] 7.247469 4.189298 2.397057 8.612419  7.504645 12.28739
 [64,] 7.245153 4.186015 2.399280 8.633321  7.560943 12.22768
 [65,] 7.242071 4.173083 2.392540 8.596849  7.374776 12.09234
 [66,] 7.246056 4.178778 2.403951 8.639315  7.498631 12.34726
 [67,] 7.248346 4.181972 2.401848 8.669125  7.577562 12.26288
 [68,] 7.255073 4.210298 2.416638 8.647736  7.466947 12.18253
 [69,] 7.257502 4.213654 2.414343 8.676402  7.541211 12.09779
 [70,] 7.259711 4.216781 2.420366 8.712990  7.647293 12.30892
 [71,] 7.261428 4.219199 2.418582 8.736399  7.710831 12.22281
 [72,] 7.260711 4.216169 2.417000 8.706827  7.556191 12.11098
 [73,] 7.255898 4.209603 2.421342 8.720835  7.592026 12.07083
 [74,] 7.286707 4.241057 2.424097 8.586830  7.443555 12.24087
 [75,] 7.292757 4.249931 2.442584 8.631395  7.578662 12.52492
 [76,] 7.292477 4.249540 2.442922 8.648879  7.625814 12.45199
 [77,] 7.287741 4.229142 2.432183 8.614921  7.449638 12.32083
 [78,] 7.283995 4.223868 2.436056 8.627836  7.484275 12.28111
 [79,] 7.281909 4.220866 2.429996 8.649275  7.548321 12.41339
 [80,] 7.283746 4.228795 2.434173 8.626466  7.428720 12.32411
 [81,] 7.281727 4.225986 2.436170 8.642681  7.471532 12.27456
 [82,] 7.282092 4.226494 2.435809 8.662981  7.525290 12.21314
 [83,] 7.284518 4.229940 2.442581 8.695783  7.622249 12.40961
 [84,] 7.284063 4.227969 2.441538 8.671333  7.492271 12.31211
 [85,] 7.286198 4.230908 2.439503 8.694858  7.553818 12.24194
 [86,] 7.282677 4.226061 2.442857 8.707190  7.586174 12.20546
 [87,] 7.281280 4.224023 2.438576 8.727753  7.647526 12.32988
 [88,] 7.281174 4.223560 2.438331 8.705180  7.526084 12.23859
 [89,] 7.278851 4.220397 2.440457 8.719696  7.563590 12.19582
 [90,] 7.318978 4.260976 2.443774 8.626200  7.461626 12.31704
 [91,] 7.322448 4.265896 2.440079 8.649959  7.526284 12.24246
 [92,] 7.323571 4.267520 2.443416 8.676721  7.607272 12.40976
 [93,] 7.323127 4.265573 2.442391 8.654064  7.487041 12.31874
 [94,] 7.322668 4.264928 2.442864 8.670044  7.530032 12.26918
 [95,] 7.325701 4.269263 2.451693 8.700770  7.622015 12.46014
 [96,] 7.326852 4.274325 2.454366 8.681480  7.518599 12.38168
 [97,] 7.324464 4.271003 2.456745 8.693725  7.551210 12.34421
 [98,] 7.326082 4.273254 2.455133 8.713261  7.603392 12.28499
 [99,] 7.326046 4.273093 2.455048 8.693470  7.497281 12.20346
[100,] 7.328334 4.276299 2.461473 8.721397  7.578686 12.37313
[101,] 7.328245 4.276176 2.461559 8.737598  7.621515 12.32462
[102,] 7.329071 4.277313 2.460763 8.755193  7.668165 12.27242
[103,] 7.326979 4.268063 2.455853 8.733481  7.550490 12.18186
[104,] 7.327802 4.269203 2.458078 8.757123  7.618830 12.32168
[105,] 7.323185 4.262905 2.462387 8.764486  7.638096 12.29994
[106,] 7.323362 4.263147 2.462222 8.780438  7.679924 12.25314
[107,] 7.330145 4.293279 2.478287 8.771288  7.629676 12.21433
[108,] 7.302286 4.265217 2.476138 8.621128  7.467230 12.41033
[109,] 7.303360 4.266745 2.479301 8.643706  7.534914 12.55637
[110,] 7.302259 4.265202 2.480438 8.656086  7.568582 12.51763
[111,] 7.308852 4.294876 2.496406 8.647432  7.521274 12.48018
[112,] 7.308229 4.294006 2.497059 8.660296  7.555806 12.43879
[113,] 7.311890 4.299192 2.507550 8.689025  7.641636 12.62129
[114,] 7.310220 4.296917 2.509541 8.698234  7.666061 12.58107
[115,] 7.309558 4.293922 2.507920 8.680657  7.568977 12.50406
[116,] 7.309032 4.293195 2.508454 8.693449  7.603086 12.46383
[117,] 7.311067 4.296167 2.514886 8.717186  7.674979 12.61745
[118,] 7.315945 4.318265 2.526872 8.707607  7.621564 12.57505
[119,] 7.318733 4.322022 2.523596 8.723554  7.662893 12.50477
[120,] 7.319917 4.323657 2.522422 8.739264  7.704666 12.45686
[121,] 7.321260 4.325608 2.526530 8.760745  7.769486 12.59213
[122,] 7.315868 4.301130 2.513267 8.738207  7.643114 12.49229
[123,] 7.317040 4.302730 2.512136 8.753778  7.684031 12.44500
[124,] 7.341971 4.327809 2.513957 8.678611  7.602972 12.54589
[125,] 7.342667 4.328789 2.513205 8.692386  7.640597 12.50203
[126,] 7.345967 4.333487 2.522679 8.718559  7.719912 12.66921
[127,] 7.345702 4.332283 2.522028 8.702670  7.632170 12.59947
[128,] 7.346288 4.333103 2.521411 8.716206  7.668884 12.55695
[129,] 7.347730 4.335120 2.519890 8.731168  7.709571 12.51033
[130,] 7.349914 4.345075 2.525271 8.719072  7.642833 12.45698
[131,] 7.348120 4.342556 2.520253 8.731661  7.680227 12.53572
[132,] 7.350038 4.345159 2.517916 8.744941  7.715198 12.47673
[133,] 7.349010 4.340465 2.515388 8.729201  7.627986 12.40749
[134,] 7.353335 4.346492 2.527280 8.756819  7.709335 12.57825
[135,] 7.351717 4.344310 2.529204 8.764414  7.729207 12.54524
[136,] 7.351138 4.343530 2.529892 8.773526  7.753071 12.50580
[137,] 7.348812 4.332881 2.524119 8.756465  7.657914 12.43001
[138,] 7.351756 4.337107 2.533048 8.780219  7.728872 12.57985
[139,] 7.351957 4.337377 2.532814 8.790595  7.755828 12.53564
[140,] 7.350298 4.335156 2.534736 8.797818  7.774609 12.50497
[141,] 7.352087 4.343365 2.539209 8.786647  7.711924 12.45499
[142,] 7.350989 4.341801 2.535973 8.799248  7.749313 12.53272
[143,] 7.340522 4.331305 2.535247 8.695133  7.637446 12.67450
[144,] 7.339611 4.330080 2.536230 8.704425  7.661664 12.64378
[145,] 7.337595 4.327369 2.538403 8.711441  7.679976 12.62068
[146,] 7.338125 4.329817 2.539742 8.698902  7.610196 12.56416
[147,] 7.337234 4.328525 2.536936 8.711105  7.647232 12.64410
[148,] 7.336791 4.327933 2.537401 8.721107  7.673108 12.61134
[149,] 7.337708 4.332169 2.539717 8.709669  7.609039 12.55955
[150,] 7.336059 4.329793 2.534568 8.719389  7.638282 12.62274
[151,] 7.333585 4.326455 2.537499 8.724532  7.651788 12.60009
[152,] 7.336378 4.330315 2.534712 8.740375  7.694391 12.55185
[153,] 7.336693 4.331772 2.535507 8.728542  7.627737 12.49815
[154,] 7.338888 4.334913 2.542182 8.748551  7.687574 12.62560
[155,] 7.339999 4.336406 2.540890 8.759274  7.715620 12.57936
[156,] 7.342425 4.339666 2.538064 8.771961  7.748845 12.52491
[157,] 7.343287 4.343663 2.540245 8.761040  7.687162 12.47549
[158,] 7.343621 4.344138 2.541230 8.775909  7.731407 12.56781
[159,] 7.342831 4.343080 2.542131 8.783480  7.751109 12.53585
[160,] 7.328775 4.329004 2.541166 8.685104  7.645561 12.66978
[161,] 7.331010 4.332014 2.538753 8.699222  7.682585 12.62338
[162,] 7.329727 4.326035 2.535479 8.685463  7.605662 12.56102
[163,] 7.330730 4.327429 2.538220 8.701905  7.654634 12.66420
[164,] 7.329679 4.326021 2.539331 8.709682  7.674878 12.63882
[165,] 7.327381 4.315295 2.533448 8.695035  7.592449 12.57189
[166,] 7.328180 4.316440 2.535904 8.710153  7.638066 12.67017

THETA.HAT[167:332,]
           [,1]     [,2]     [,3]     [,4]     [,5]     [,6]
  [1,] 7.327657 4.315718 2.536431 8.718975 7.661909 12.64320
  [2,] 7.328421 4.316734 2.535641 8.730039 7.690514 12.60741
  [3,] 7.331152 4.329505 2.542653 8.722512 7.647862 12.57278
  [4,] 7.333833 4.333329 2.550721 8.742466 7.707896 12.70064
  [5,] 7.334677 4.334466 2.549727 8.751932 7.732898 12.65983
  [6,] 7.332960 4.332154 2.551748 8.757187 7.746786 12.63724
  [7,] 7.335972 4.346277 2.559530 8.750266 7.707359 12.60525
  [8,] 7.336136 4.346511 2.560013 8.763319 7.746474 12.68748
  [9,] 7.336396 4.346859 2.559714 8.771758 7.768672 12.65180
 [10,] 7.349808 4.360282 2.560608 8.712107 7.704770 12.73400
 [11,] 7.346857 4.346458 2.553019 8.697198 7.621049 12.66600
 [12,] 7.344186 4.342875 2.555917 8.701027 7.631000 12.65318
 [13,] 7.345684 4.345033 2.560561 8.717206 7.680284 12.75936
 [14,] 7.344196 4.343008 2.562380 8.722348 7.694071 12.73672
 [15,] 7.347361 4.357874 2.570585 8.716124 7.658876 12.70800
 [16,] 7.346642 4.356913 2.571348 8.723584 7.678206 12.68344
 [17,] 7.345331 4.355032 2.567351 8.731984 7.703675 12.73780
 [18,] 7.346944 4.357223 2.565417 8.742026 7.730489 12.69426
 [19,] 7.345281 4.349397 2.561106 8.729507 7.659426 12.63652
 [20,] 7.346438 4.351046 2.564588 8.744306 7.703960 12.73137
 [21,] 7.345107 4.349247 2.566154 8.749618 7.718046 12.70855
 [22,] 7.345266 4.349462 2.565967 8.757224 7.738227 12.67598
 [23,] 7.348350 4.364005 2.573998 8.751394 7.704986 12.64898
 [24,] 7.350011 4.366362 2.578894 8.767361 7.752873 12.74981
 [25,] 7.350215 4.366637 2.578657 8.775072 7.773263 12.71736
 [26,] 7.355026 4.389358 2.591213 8.771810 7.754574 12.70223
 [27,] 7.355336 4.389775 2.590852 8.779548 7.774894 12.66932
 [28,] 7.375977 4.410461 2.592168 8.734244 7.726321 12.73143
 [29,] 7.374394 4.408168 2.587236 8.741044 7.747102 12.77576
 [30,] 7.374123 4.407796 2.587567 8.747624 7.764865 12.74747
 [31,] 7.370010 4.388414 2.576927 8.732261 7.678234 12.67763
 [32,] 7.368798 4.386675 2.573200 8.739908 7.701376 12.72703
 [33,] 7.368424 4.386165 2.573648 8.746272 7.718390 12.69970
 [34,] 7.370735 4.389317 2.570880 8.756897 7.746823 12.65423
 [35,] 7.370580 4.388586 2.570480 8.747157 7.691821 12.61006
 [36,] 7.369310 4.386773 2.566651 8.754611 7.714240 12.65721
 [37,] 7.370939 4.388986 2.564733 8.764105 7.739472 12.61696
 [38,] 7.371913 4.390308 2.563586 8.772467 7.761729 12.58167
 [39,] 7.373172 4.392105 2.567301 8.786713 7.804803 12.67000
 [40,] 7.374796 4.399773 2.571491 8.779541 7.763999 12.63758
 [41,] 7.374280 4.399075 2.572089 8.785517 7.779838 12.61272
 [42,] 7.374215 4.398987 2.572165 8.792146 7.797425 12.58522
 [43,] 7.375612 4.400971 2.576206 8.806629 7.841050 12.67376
 [44,] 7.376863 4.406895 2.579450 8.799127 7.798197 12.63974
 [45,] 7.375535 4.405101 2.580965 8.803740 7.810382 12.62084
 [46,] 7.350443 4.380005 2.579370 8.712735 7.712917 12.74565
 [47,] 7.351518 4.381552 2.582634 8.725832 7.753073 12.83030
 [48,] 7.350623 4.377298 2.580287 8.715535 7.694591 12.78309
 [49,] 7.351623 4.378664 2.579083 8.723616 7.716309 12.74850
 [50,] 7.350261 4.376803 2.580723 8.727779 7.727511 12.73073
 [51,] 7.351036 4.377913 2.583031 8.739976 7.764717 12.80843
 [52,] 7.354204 4.392992 2.591364 8.735457 7.738963 12.78767
 [53,] 7.355550 4.394828 2.589767 8.744055 7.762020 12.75152
 [54,] 7.356545 4.396187 2.588584 8.752018 7.783403 12.71819
 [55,] 7.356619 4.396539 2.588779 8.743361 7.734235 12.67859
 [56,] 7.355644 4.395153 2.585924 8.750818 7.756705 12.72525
 [57,] 7.357545 4.397739 2.583701 8.760232 7.781831 12.68617
 [58,] 7.358632 4.399217 2.582428 8.768263 7.803294 12.65298
 [59,] 7.357515 4.397629 2.579216 8.775298 7.824587 12.69616
 [60,] 7.355725 4.389093 2.574526 8.764209 7.761218 12.64567
 [61,] 7.355431 4.388696 2.574863 8.769967 7.776489 12.62196
 [62,] 7.357539 4.391672 2.580855 8.785362 7.822780 12.71591
 [63,] 7.355707 4.382929 2.576039 8.774431 7.760072 12.66585
 [64,] 7.351844 4.377729 2.580412 8.774455 7.760134 12.66575
 [65,] 7.364605 4.390469 2.581218 8.729924 7.712480 12.72695
 [66,] 7.364921 4.390895 2.580890 8.737616 7.732672 12.70297
 [67,] 7.365797 4.392147 2.583491 8.749475 7.768811 12.77792
 [68,] 7.368216 4.403683 2.589848 8.744502 7.740566 12.75526
 [69,] 7.369386 4.405281 2.588458 8.752387 7.761744 12.72230
 [70,] 7.371042 4.407545 2.586487 8.761016 7.784954 12.68637
 [71,] 7.372648 4.409834 2.591169 8.774748 7.826728 12.77182
 [72,] 7.372357 4.408448 2.590405 8.766068 7.777335 12.73237
 [73,] 7.371922 4.407855 2.590917 8.771272 7.791271 12.71092
 [74,] 7.371858 4.407764 2.590732 8.780373 7.818815 12.76731
 [75,] 7.373680 4.410247 2.588633 8.789353 7.842974 12.73132
 [76,] 7.374123 4.412363 2.589798 8.781826 7.800060 12.69715
 [77,] 7.374162 4.412416 2.589753 8.787749 7.815860 12.67306
 [78,] 7.371746 4.409003 2.582884 8.790597 7.824438 12.69041
 [79,] 7.372510 4.410039 2.582019 8.797741 7.843549 12.66201
 [80,] 7.375541 4.424544 2.589979 8.794008 7.822226 12.64512
 [81,] 7.373903 4.422323 2.591846 8.797144 7.830567 12.63254
 [82,] 7.380990 4.429413 2.592284 8.750476 7.780492 12.69614
 [83,] 7.381383 4.429977 2.593453 8.760479 7.811044 12.75885
 [84,] 7.381687 4.431431 2.594251 8.753014 7.768802 12.72530
 [85,] 7.380894 4.430343 2.595196 8.757313 7.780391 12.70752
 [86,] 7.381646 4.431417 2.597412 8.768111 7.813217 12.77498
 [87,] 7.381014 4.430549 2.598151 8.772719 7.825696 12.75642
 [88,] 7.382103 4.435760 2.601015 8.766504 7.790402 12.72837
 [89,] 7.382823 4.436746 2.600168 8.773254 7.808545 12.70081
 [90,] 7.381758 4.435230 2.597072 8.779138 7.826363 12.73709
 [91,] 7.383492 4.437604 2.595072 8.787612 7.849220 12.70333
 [92,] 7.384624 4.443028 2.598044 8.781566 7.814841 12.67617
 [93,] 7.382755 4.440477 2.600210 8.784011 7.821393 12.66630
 [94,] 7.381200 4.438272 2.595751 8.788559 7.835096 12.69394
 [95,] 7.382617 4.440206 2.594141 8.796431 7.856233 12.66284
 [96,] 7.382777 4.440972 2.594561 8.789185 7.814925 12.63028
 [97,] 7.380885 4.438301 2.589170 8.792735 7.825563 12.65168
 [98,] 7.379307 4.436154 2.590937 8.795677 7.833418 12.64011
 [99,] 7.380300 4.437504 2.589826 8.802771 7.852356 12.61224
[100,] 7.382873 4.440080 2.589982 8.754542 7.800620 12.67793
[101,] 7.384161 4.446254 2.593355 8.748947 7.769040 12.65301
[102,] 7.385308 4.447893 2.596751 8.760349 7.803657 12.72374
[103,] 7.384652 4.446990 2.597518 8.764570 7.815101 12.70677
[104,] 7.386389 4.455323 2.602077 8.759754 7.787817 12.68524
[105,] 7.387417 4.456736 2.600867 8.766680 7.806472 12.65707
[106,] 7.386220 4.455029 2.597370 8.771716 7.821715 12.68793
[107,] 7.386989 4.456086 2.596482 8.778252 7.839375 12.66194
[108,] 7.390270 4.471842 2.605079 8.775711 7.824955 12.65062
[109,] 7.392209 4.474508 2.602823 8.784101 7.847513 12.61699
[110,] 7.391725 4.473817 2.601424 8.791010 7.868381 12.65868
[111,] 7.391868 4.474015 2.601260 8.796475 7.883127 12.63728
[112,] 7.390515 4.467508 2.597717 8.787489 7.832056 12.59739
[113,] 7.390225 4.467098 2.596887 8.794815 7.854062 12.64134
[114,] 7.390518 4.467499 2.596556 8.800510 7.869340 12.61912
[115,] 7.390486 4.467455 2.596593 8.805626 7.883073 12.59921
[116,] 7.391165 4.470723 2.598372 8.799625 7.848894 12.57256
[117,] 7.391236 4.470823 2.598571 8.807866 7.873562 12.62139
[118,] 7.390624 4.469988 2.599252 8.812028 7.884694 12.60533
[119,] 7.379327 4.458658 2.598584 8.751348 7.819450 12.68794
[120,] 7.379870 4.461273 2.600012 8.745236 7.784858 12.66075
[121,] 7.379587 4.460869 2.599179 8.752225 7.806036 12.70381
[122,] 7.382422 4.464779 2.595884 8.761953 7.832394 12.66509
[123,] 7.383223 4.465884 2.594952 8.768253 7.849480 12.64012
[124,] 7.382682 4.463277 2.593533 8.760648 7.806428 12.60646
[125,] 7.382379 4.462847 2.592656 8.767572 7.827338 12.64843
[126,] 7.382592 4.463140 2.592411 8.772877 7.841659 12.62751
[127,] 7.382919 4.463589 2.592035 8.778334 7.856399 12.60604
[128,] 7.383905 4.464991 2.594848 8.788683 7.887770 12.66803
[129,] 7.384053 4.465704 2.595236 8.782141 7.850506 12.63904
[130,] 7.384629 4.466494 2.594580 8.788015 7.866317 12.61612
[131,] 7.385156 4.467216 2.593981 8.793768 7.881817 12.59374
[132,] 7.386480 4.469093 2.597703 8.804966 7.915675 12.66006
[133,] 7.386976 4.471489 2.599008 8.798984 7.881531 12.63353
[134,] 7.386505 4.470844 2.599539 8.803084 7.892548 12.61773
[135,] 7.386074 4.470255 2.600023 8.807215 7.903648 12.60183
[136,] 7.387224 4.471879 2.603211 8.817873 7.935778 12.66439
[137,] 7.389272 4.481786 2.608618 8.814191 7.914697 12.64801
[138,] 7.385735 4.478235 2.608412 8.764728 7.861420 12.71561
[139,] 7.384887 4.477061 2.609404 8.768019 7.870393 12.70268
[140,] 7.385963 4.482264 2.612247 8.763032 7.842140 12.68055
[141,] 7.385208 4.481187 2.610064 8.768347 7.858262 12.71289
[142,] 7.384309 4.479946 2.611103 8.771555 7.866970 12.70034
[143,] 7.383973 4.479482 2.611492 8.775672 7.878150 12.68425
[144,] 7.385554 4.487135 2.615676 8.771526 7.854591 12.66581
[145,] 7.385455 4.486994 2.615392 8.778546 7.875815 12.70813
[146,] 7.384005 4.484995 2.617047 8.780809 7.881939 12.69935
[147,] 7.385125 4.486539 2.615768 8.787327 7.899586 12.67411
[148,] 7.385419 4.487964 2.616547 8.781440 7.866051 12.64790
[149,] 7.384998 4.487368 2.615357 8.787575 7.884529 12.68449
[150,] 7.385939 4.488660 2.614295 8.793783 7.901271 12.66059
[151,] 7.384813 4.487112 2.615567 8.796519 7.908657 12.65009
[152,] 7.384549 4.486739 2.614832 8.803041 7.928354 12.68857
[153,] 7.382065 4.474687 2.608244 8.793308 7.872595 12.64517
[154,] 7.384167 4.476796 2.608366 8.752807 7.829000 12.70053
[155,] 7.384553 4.477330 2.607916 8.757927 7.842941 12.68032
[156,] 7.384711 4.477556 2.608375 8.765353 7.865572 12.72544
[157,] 7.384860 4.478277 2.608768 8.759397 7.831746 12.69904
[158,] 7.384122 4.477258 2.609621 8.762633 7.840527 12.68635
[159,] 7.384963 4.478420 2.608649 8.768477 7.856387 12.66344
[160,] 7.384893 4.478320 2.608450 8.775258 7.876984 12.70422
[161,] 7.386579 4.486492 2.612913 8.771580 7.856052 12.68791
[162,] 7.386978 4.487043 2.612455 8.776689 7.869882 12.66806
[163,] 7.387801 4.488213 2.614796 8.785750 7.897336 12.72236
[164,] 7.389474 4.490521 2.612906 8.793040 7.917149 12.69464
[165,] 7.389638 4.491317 2.613340 8.787228 7.884019 12.66891
[166,] 7.389501 4.491128 2.613496 8.791411 7.895324 12.65284

THETA.HAT[333:498,]
           [,1]     [,2]     [,3]     [,4]     [,5]     [,6]
  [1,] 7.388903 4.490280 2.611815 8.796672 7.911216 12.68399
  [2,] 7.388920 4.490304 2.611795 8.801137 7.923311 12.66715
  [3,] 7.389310 4.492199 2.612829 8.795741 7.892487 12.64324
  [4,] 7.389852 4.492943 2.612221 8.801019 7.906701 12.62308
  [5,] 7.389908 4.493021 2.612375 8.807985 7.927680 12.66390
  [6,] 7.391200 4.499303 2.615800 8.803977 7.904733 12.64613
  [7,] 7.393373 4.501487 2.615924 8.765648 7.863409 12.69845
  [8,] 7.393300 4.501386 2.616009 8.769795 7.874706 12.68231
  [9,] 7.392966 4.500921 2.616398 8.773471 7.884724 12.66803
 [10,] 7.393679 4.501940 2.618440 8.782038 7.910813 12.71944
 [11,] 7.392295 4.495220 2.614775 8.774195 7.866262 12.68485
 [12,] 7.391865 4.494627 2.615269 8.777709 7.875801 12.67126
 [13,] 7.390863 4.493202 2.612418 8.781616 7.887642 12.69462
 [14,] 7.392013 4.494791 2.611115 8.787810 7.904487 12.67105
 [15,] 7.392026 4.494854 2.611149 8.782059 7.871777 12.64570
 [16,] 7.392382 4.495344 2.610744 8.786854 7.884747 12.62726
 [17,] 7.391484 4.494073 2.608220 8.791027 7.897346 12.65191
 [18,] 7.390953 4.493341 2.608816 8.794351 7.906358 12.63934
 [19,] 7.391085 4.493982 2.609165 8.788861 7.875073 12.61512
 [20,] 7.390835 4.493629 2.608465 8.794682 7.892584 12.64939
 [21,] 7.391345 4.494329 2.607900 8.799748 7.906260 12.63031
 [22,] 7.390959 4.493799 2.608328 8.803286 7.915816 12.61700
 [23,] 7.390529 4.491707 2.607189 8.797065 7.880301 12.58954
 [24,] 7.389987 4.490944 2.605689 8.802097 7.895381 12.61886
 [25,] 7.372819 4.473717 2.604704 8.744188 7.833013 12.69796
 [26,] 7.371825 4.472340 2.605845 8.746579 7.839535 12.68871
 [27,] 7.370870 4.471019 2.606940 8.749014 7.846179 12.67929
 [28,] 7.370954 4.471426 2.607162 8.743592 7.815341 12.65519
 [29,] 7.369262 4.469027 2.602351 8.745396 7.820801 12.66602
 [30,] 7.369386 4.469198 2.602211 8.749631 7.832301 12.64967
 [31,] 7.368309 4.467672 2.599161 8.753002 7.842508 12.66978
 [32,] 7.368138 4.466840 2.598707 8.747343 7.810176 12.64466
 [33,] 7.366877 4.465105 2.600121 8.749266 7.815373 12.63725
 [34,] 7.365930 4.463802 2.601182 8.751689 7.821922 12.62791
 [35,] 7.366471 4.464566 2.602699 8.759325 7.844962 12.67316
 [36,] 7.368989 4.476872 2.609430 8.757597 7.835053 12.66545
 [37,] 7.369801 4.477988 2.608528 8.762943 7.849487 12.64506
 [38,] 7.369607 4.477722 2.608743 8.766598 7.859358 12.63113
 [39,] 7.369503 4.477575 2.608454 8.772495 7.877127 12.66576
 [40,] 7.369396 4.477051 2.608168 8.767070 7.845968 12.64157
 [41,] 7.368409 4.475698 2.609253 8.769414 7.852277 12.63268
 [42,] 7.360233 4.467491 2.608786 8.723442 7.802760 12.69566
 [43,] 7.360960 4.468525 2.610869 8.731367 7.826869 12.74366
 [44,] 7.362585 4.476473 2.615227 8.728464 7.810274 12.73069
 [45,] 7.362364 4.476168 2.615478 8.731979 7.819842 12.71709
 [46,] 7.362309 4.476092 2.615540 8.735746 7.830101 12.70252
 [47,] 7.363512 4.477800 2.618952 8.744884 7.857859 12.75747
 [48,] 7.363363 4.477072 2.618552 8.739486 7.826933 12.73330
 [49,] 7.363686 4.477518 2.618188 8.743887 7.838885 12.71641
 [50,] 7.362626 4.476055 2.619381 8.745960 7.844516 12.70844
 [51,] 7.362246 4.475516 2.618313 8.750889 7.859447 12.73786
 [52,] 7.361662 4.472653 2.616740 8.744946 7.825321 12.71119
 [53,] 7.361525 4.472464 2.616893 8.748550 7.835074 12.69740
 [54,] 7.361199 4.472004 2.615983 8.753566 7.850206 12.72723
 [55,] 7.360726 4.471354 2.616503 8.756629 7.858511 12.71569
 [56,] 7.358438 4.460125 2.610331 8.748320 7.810719 12.67831
 [57,] 7.357679 4.459085 2.611167 8.750868 7.817578 12.66858
 [58,] 7.357958 4.459477 2.611937 8.757446 7.837332 12.70738
 [59,] 7.358092 4.459660 2.611791 8.761482 7.848228 12.69220
 [60,] 7.358661 4.462455 2.613329 8.757333 7.824309 12.67347
 [61,] 7.338517 4.442256 2.612177 8.699584 7.762154 12.75326
 [62,] 7.338421 4.442120 2.611905 8.705016 7.778633 12.78635
 [63,] 7.337669 4.441083 2.612750 8.707484 7.785363 12.77682
 [64,] 7.335574 4.430773 2.607047 8.699564 7.739861 12.74082
 [65,] 7.335035 4.430032 2.607654 8.702345 7.747391 12.72993
 [66,] 7.334649 4.429488 2.606571 8.707004 7.761458 12.75808
 [67,] 7.335771 4.431030 2.605323 8.712541 7.776483 12.73673
 [68,] 7.334902 4.426752 2.602957 8.706441 7.741399 12.70899
 [69,] 7.335639 4.427787 2.605011 8.713970 7.764061 12.75428
 [70,] 7.335786 4.427988 2.604849 8.717892 7.774669 12.73922
 [71,] 7.335709 4.427883 2.604933 8.721424 7.784225 12.72567
 [72,] 7.336084 4.429733 2.605958 8.717163 7.759672 12.70626
 [73,] 7.337166 4.431247 2.608939 8.725549 7.784867 12.75633
 [74,] 7.337133 4.431203 2.608975 8.729157 7.794608 12.74258
 [75,] 7.337351 4.431501 2.608736 8.733158 7.805414 12.72736
 [76,] 7.337226 4.430884 2.608394 8.728216 7.776880 12.70481
 [77,] 7.338380 4.432497 2.611543 8.736755 7.802485 12.75541
 [78,] 7.358632 4.452769 2.612698 8.725411 7.790294 12.77121
 [79,] 7.359217 4.453577 2.612039 8.729967 7.802714 12.75371
 [80,] 7.359286 4.453672 2.611960 8.733641 7.812736 12.73962
 [81,] 7.359284 4.453662 2.611954 8.728839 7.785290 12.71803
 [82,] 7.358975 4.453226 2.611088 8.733505 7.799397 12.74606
 [83,] 7.359283 4.453650 2.610743 8.737573 7.810457 12.73053
 [84,] 7.359507 4.454749 2.611349 8.733171 7.785252 12.71072
 [85,] 7.360715 4.456449 2.614721 8.741746 7.811111 12.76208
 [86,] 7.359753 4.455127 2.615788 8.743700 7.816412 12.75466
 [87,] 7.359243 4.454426 2.616353 8.746389 7.823707 12.74445
 [88,] 7.358916 4.452814 2.615463 8.741246 7.794181 12.72121
 [89,] 7.359259 4.453296 2.616411 8.747533 7.813089 12.75865
 [90,] 7.359313 4.453371 2.616351 8.751158 7.822894 12.74494
 [91,] 7.359468 4.453583 2.616180 8.754930 7.833100 12.73070
 [92,] 7.358335 4.448003 2.613096 8.748669 7.797098 12.70237
 [93,] 7.357942 4.447453 2.612020 8.753036 7.810187 12.72815
 [94,] 7.357825 4.447294 2.612147 8.756350 7.819118 12.71566
 [95,] 7.360036 4.449505 2.612273 8.726334 7.786868 12.75722
 [96,] 7.359345 4.448551 2.613054 8.728599 7.793045 12.74851
 [97,] 7.359526 4.448807 2.613560 8.734359 7.810536 12.78318
 [98,] 7.360826 4.455200 2.617092 8.731629 7.794894 12.77088
 [99,] 7.360766 4.455118 2.617159 8.734951 7.803937 12.75818
[100,] 7.360324 4.452942 2.615956 8.729768 7.774263 12.73480
[101,] 7.360133 4.452674 2.615424 8.734500 7.788525 12.76320
[102,] 7.358969 4.451074 2.616716 8.735984 7.792548 12.75754
[103,] 7.358820 4.450869 2.616882 8.739135 7.801094 12.74553
[104,] 7.358520 4.450448 2.616052 8.743564 7.814468 12.77194
[105,] 7.359467 4.455115 2.618632 8.740452 7.796563 12.75786
[106,] 7.358992 4.454463 2.619155 8.743064 7.803628 12.74795
[107,] 7.359124 4.454644 2.619010 8.746661 7.813364 12.73432
[108,] 7.358532 4.453814 2.617383 8.750314 7.824364 12.75593
[109,] 7.359187 4.457044 2.619168 8.746835 7.804310 12.74018
[110,] 7.359025 4.456822 2.619346 8.749944 7.812700 12.72845
[111,] 7.358335 4.455876 2.620099 8.752167 7.818699 12.72006
[112,] 7.357076 4.454114 2.616663 8.754078 7.824438 12.73129
[113,] 7.357482 4.456118 2.617770 8.750307 7.802655 12.71420
[114,] 7.347191 4.445817 2.617193 8.707642 7.756817 12.77343
[115,] 7.346701 4.445141 2.617742 8.710114 7.763542 12.76389
[116,] 7.347128 4.445743 2.618939 8.716267 7.782165 12.80101
[117,] 7.347730 4.448715 2.620586 8.712806 7.762259 12.78529
[118,] 7.347949 4.449018 2.620342 8.716452 7.772156 12.77129
[119,] 7.347717 4.448698 2.620600 8.719336 7.779984 12.76024
[120,] 7.348108 4.449247 2.621685 8.725369 7.798215 12.79639
[121,] 7.348292 4.450156 2.622189 8.721345 7.775026 12.77809
[122,] 7.348590 4.450566 2.621859 8.725105 7.785209 12.76375
[123,] 7.348788 4.450844 2.622406 8.730589 7.801740 12.79652
[124,] 7.349464 4.451772 2.621669 8.734988 7.813685 12.77997
[125,] 7.349208 4.450506 2.620967 8.730360 7.786986 12.75893
[126,] 7.349197 4.450492 2.620978 8.733592 7.795718 12.74667
[127,] 7.348754 4.449872 2.619765 8.737410 7.807198 12.76930
[128,] 7.349266 4.450573 2.619210 8.741514 7.818310 12.75393
[129,] 7.349278 4.450634 2.619244 8.737316 7.794061 12.73484
[130,] 7.348083 4.448998 2.620543 8.738583 7.797476 12.73006
[131,] 7.348327 4.449340 2.621207 8.744155 7.814183 12.76285
[132,] 7.351211 4.452226 2.621368 8.717266 7.785295 12.80041
[133,] 7.350703 4.449715 2.619977 8.712341 7.757010 12.77809
[134,] 7.351041 4.450182 2.619600 8.716067 7.767128 12.76378
[135,] 7.350905 4.449989 2.619219 8.720546 7.780653 12.79070
[136,] 7.350332 4.449200 2.619851 8.722773 7.786713 12.78226
[137,] 7.350089 4.448002 2.619187 8.718278 7.760858 12.76186
[138,] 7.349490 4.447178 2.619849 8.720437 7.766706 12.75359
[139,] 7.349354 4.446987 2.619473 8.724902 7.780148 12.78027
[140,] 7.349712 4.447480 2.619080 8.728653 7.790325 12.76610
[141,] 7.349697 4.447404 2.619038 8.724531 7.766577 12.74736
[142,] 7.349476 4.447101 2.619280 8.727298 7.774052 12.73682
[143,] 7.348946 4.446359 2.617822 8.730730 7.784359 12.75718
[144,] 7.348713 4.446039 2.618075 8.733486 7.791816 12.74680
[145,] 7.348335 4.444169 2.617038 8.728891 7.765297 12.72589
[146,] 7.348614 4.444557 2.617799 8.734371 7.781704 12.75830
[147,] 7.348629 4.444579 2.617782 8.737533 7.790234 12.74643
[148,] 7.348509 4.444415 2.617912 8.740457 7.798124 12.73547
[149,] 7.347941 4.441599 2.616350 8.735625 7.770197 12.71345
[150,] 7.347621 4.441154 2.615483 8.739556 7.781935 12.73653
[151,] 7.343756 4.437290 2.615267 8.706193 7.746129 12.78301
[152,] 7.343624 4.437108 2.615413 8.709032 7.753846 12.77217
[153,] 7.344324 4.438071 2.614640 8.713233 7.765269 12.75615
[154,] 7.344847 4.438805 2.616088 8.719266 7.783509 12.79222
[155,] 7.346165 4.445336 2.619711 8.717159 7.771365 12.78264
[156,] 7.347194 4.446750 2.618581 8.721908 7.784265 12.76465
[157,] 7.347288 4.447216 2.618839 8.718069 7.762169 12.74722
[158,] 7.346860 4.446617 2.617659 8.721595 7.772765 12.76822
[159,] 7.345019 4.444091 2.619666 8.721604 7.772790 12.76819
[160,] 7.344104 4.442835 2.620662 8.723128 7.776918 12.76243
[161,] 7.344176 4.442935 2.620859 8.727924 7.791351 12.79090
[162,] 7.343845 4.441295 2.619948 8.723538 7.765970 12.77087
[163,] 7.343164 4.440363 2.620683 8.725449 7.771131 12.76366
[164,] 7.343323 4.440581 2.620511 8.728722 7.779969 12.75133
[165,] 7.343073 4.440231 2.619830 8.732676 7.791834 12.77465
[166,] 7.342490 4.437337 2.618222 8.727971 7.764567 12.75312

THETA.HAT[499:500,]
         [,1]     [,2]     [,3]     [,4]     [,5]     [,6]
[1,] 7.342737 4.437674 2.617957 8.731382 7.773748 12.74030
[2,] 7.331360 4.426302 2.617319 8.690743 7.730122 12.79703