#under f0
design.optF
        V1 V2 counter counter2
X        0  0       1     0.01
X.1      0 30       1     0.01
X.2      0 60       1     0.01
X.3     15  0       1     0.01
X.4     15 30       1     0.01
X.5     15 60       1     0.01
X.6     30  0       6     0.06
X.7     30 30       1     0.01
X.8     30 60       1     0.01
xnew     8 15       1     0.01
xnew.1   5  0       1     0.01
xnew.2   6 10       3     0.03
xnew.3  30 15       1     0.01
xnew.4   6 12       2     0.02
xnew.5   4  0       1     0.01
xnew.6  30 17       1     0.01
xnew.7   6 11       6     0.06
xnew.8   3  0      24     0.24
xnew.9   5 10       4     0.04
xnew.10 30 18       1     0.01
xnew.11  5 11      29     0.29
xnew.12 30 23       2     0.02
xnew.13 30 24       1     0.01
xnew.14 30 21       3     0.03
xnew.15 30 22      11     0.11
xnew.16 30 20       4     0.04



maxdev.vec
[1]  0.3187914  0.4640330  0.9043535  1.0838372  1.3180990  1.5559824  1.9583648  2.1735237  2.4131911  2.6722051  3.1195611
[12]  3.3170295  3.5247091  3.9570900  4.1533585  4.4122288  4.6820393  5.0256518  5.2584703  5.5111204  5.6039722  5.8521551
[23]  6.2338046  6.4498412  6.7122844  7.1354647  7.4119407  7.6835936  7.9540375  8.3273467  8.5162892  8.7869203  9.0588402
[34]  9.3367916  9.5987987  9.8698780 10.2998796 10.5673140 10.8380985 11.2404716 11.5061558 11.7292938 12.0119446 12.2894317
[45] 12.7206561 13.0097134 13.2871062 13.5201107 13.7283414 13.9291981 14.1415276 14.5704287 14.8572663 15.1100267 15.3881253
[56] 15.5765867 15.8527101 16.2149997 16.4553106 16.7123514 17.0920393 17.3774576 17.6519797 17.9424459 18.2993262 18.5502633
[67] 18.8233780 18.9809284 19.2460217 19.5091135 19.7860540 20.0969841 20.3728372 20.7202774 20.9280963 21.2203361 21.6238243
[78] 21.9051733 22.1877520 22.4488717 22.7340418 23.0165317 23.2783470 23.5921787 23.8600727 24.1393538 24.4248381 24.7269637
[89] 25.0089168 25.3284033 25.5842885 25.8626136 26.1778092 26.4607937 26.7127972 26.9833035 27.2691124 27.5404595 27.8426953
[100] 28.1045833

maxdev.vec1
[1] 0.000000e+00 4.930381e-32 3.081488e-31 7.888609e-31 1.972152e-31 3.081488e-33 4.930381e-32 4.437343e-31 1.972152e-31
[10] 3.081488e-33 0.000000e+00 1.972152e-31 2.773339e-32 1.109336e-31 1.972152e-31 4.437343e-31 1.232595e-32 1.232595e-32
[19] 1.972152e-31 0.000000e+00 1.232595e-32 4.930381e-32 0.000000e+00 4.930381e-32 3.728600e-31 1.232595e-32 1.972152e-31
[28] 4.930381e-32 0.000000e+00 3.081488e-31 1.232595e-32 1.972152e-31 3.359192e-07 1.232595e-32 1.232595e-32 1.232595e-32
[37] 7.133861e-04 0.000000e+00 4.930381e-32 2.181229e-03 7.703720e-32 1.232595e-32 1.972152e-31 3.081488e-31 7.933738e-03
[46] 1.232595e-32 1.232595e-32 3.081488e-33 8.325656e-03 0.000000e+00 3.081488e-33 0.000000e+00 5.914317e-03 0.000000e+00
[55] 3.081488e-33 1.232595e-32 6.290431e-03 1.238458e-02 0.000000e+00 1.232595e-32 1.232595e-32 1.288035e-02 1.232595e-32
[64] 1.232595e-32 1.389127e-02 1.232595e-32 1.509929e-31 1.972152e-31 1.309596e-02 1.972152e-31 6.039716e-31 3.081488e-31
[73] 1.503157e-02 2.113155e-02 1.497403e-04 1.109336e-31 0.000000e+00 2.154821e-02 1.232595e-32 2.061894e-04 6.962528e-05
[82] 2.432480e-02 7.703720e-32 3.036794e-04 9.511613e-05 2.534751e-02 4.930381e-32 5.602935e-04 2.628620e-02 1.386116e-03
[91] 3.288969e-02 1.509929e-31 1.930160e-03 3.267624e-02 3.081488e-33 2.488212e-03 2.000130e-03 1.972152e-31 3.750875e-02
[100] 2.574343e-03


maxdev.vec2
[1] 0.00000000 0.14524164 0.44032043 0.17948369 0.23426185 0.23788343 0.40238239 0.21515891 0.23966741 0.25901397 0.44735596
[12] 0.19746838 0.20767963 0.43238093 0.19626844 0.25887036 0.26981048 0.34361251 0.23281845 0.25265010 0.09285185 0.24818286
[23] 0.38164948 0.21603662 0.26244322 0.42318030 0.27647604 0.27165290 0.27044389 0.37330917 0.18894249 0.27063111 0.27191986
[34] 0.27795146 0.26200704 0.27107935 0.43000163 0.26743437 0.27078454 0.40237305 0.26568420 0.22313802 0.28265077 0.27748711
[45] 0.43122444 0.28905725 0.27739283 0.23300450 0.20823071 0.20085670 0.21232952 0.42890102 0.28683760 0.25276043 0.27809864
[56] 0.18846137 0.27612342 0.36228959 0.24031087 0.25704081 0.37968786 0.28541836 0.27452213 0.29046615 0.35688031 0.25093706
[67] 0.27311473 0.15755044 0.26509330 0.26309172 0.27694058 0.31093011 0.27585302 0.34744025 0.20781889 0.29223980 0.40348821
[78] 0.28134899 0.28257867 0.26111978 0.28517004 0.28248986 0.26181538 0.31383166 0.26789398 0.27928116 0.28548428 0.30212558
[89] 0.28195307 0.31948652 0.25588519 0.27832516 0.31519559 0.28298444 0.25200349 0.27050637 0.28580887 0.27134709 0.30223582
[100] 0.26188803